Dystans (m),Wysokość (m)
0,149.6674652099609
276.3187928465959,149.4548797607422
552.6375856931918,152.8125915527344
828.9563785397877,162.658447265625
1105.2751713863836,167.4473419189453
1381.5939642329795,164.4769744873047
1657.9127570795754,159
1934.2315499261713,159.6901550292969
2210.550342772767,161.9731750488281
2486.869135619363,161.3749542236328
2763.187928465959,167.3900604248047
3039.506721312555,155.6160430908203
3315.8255141591508,155.1784820556641
3592.1443070057467,158.0881652832031
3868.4630998523426,156.7978668212891
4144.7818926989385,156.2081604003906
4421.100685545534,152.87060546875
4697.41947839213,154.4229278564453
4973.738271238726,155.0013427734375
5250.057064085322,157.1267852783203
5526.375856931918,155.1391754150391
5802.694649778514,149.1032562255859
6079.01344262511,148.5131988525391
6355.332235471706,150.6613159179688
6631.6510283183015,148.5584564208984
6907.969821164897,151.3934173583984
7184.288614011493,157.0779266357422
7460.607406858089,155.2591400146484
7736.926199704685,151.6363677978516
8013.244992551281,149.5713348388672
8289.563785397877,146.3925323486328
8565.882578244473,145.8788909912109
8842.201371091069,147.7187805175781
9118.520163937665,150.9562377929688
9394.83895678426,162.8624267578125
9671.157749630856,160.174560546875
9947.476542477452,148.0101013183594
10223.795335324048,146.1084442138672
10500.114128170644,143.3267364501953
10776.43292101724,144.9345397949219
11052.751713863836,143.8228607177734
11329.070506710432,142.5561676025391
11605.389299557028,138.5511016845703
11881.708092403624,142.5836334228516
12158.02688525022,136.5730438232422
12434.345678096815,139.1955261230469
12710.664470943411,135.1743621826172
12986.983263790007,134.5058441162109
13263.302056636603,136.8697204589844
13539.620849483199,133.2786560058594
13815.939642329795,130.029541015625
14092.25843517639,123.3938293457031
14368.577228022987,142.6613159179688
14644.896020869583,135.6806030273438
14921.214813716178,121.2412261962891
15197.533606562774,129
15473.85239940937,129.4116363525391
15750.171192255966,134.7272338867188
16026.489985102562,132.6455383300781
16302.808777949158,119.9536056518555
16579.127570795754,117
16855.44636364235,117.0775909423828
17131.765156488946,129.4396514892578
17408.08394933554,135.1293487548828
17684.402742182137,141.8233795166016
17960.721535028733,141.8169555664062
18237.04032787533,138.7336273193359
18513.359120721925,143.4491424560547
18789.67791356852,141.2175140380859
19065.996706415117,139
19342.315499261713,138.8851928710938
19618.63429210831,138.9975738525391
19894.953084954905,142.2860260009766
20171.2718778015,140.3640441894531
20447.590670648096,143.9764862060547
20723.909463494692,137.6518859863281
21000.22825634129,136.7821502685547
21276.547049187884,131.325439453125
21552.86584203448,134.5513000488281
21829.184634881076,136.975830078125
22105.50342772767,135.0002593994141
22381.822220574268,138.1467895507812
22658.141013420864,143
22934.45980626746,146.6748962402344
23210.778599114055,148.4386901855469
23487.09739196065,153.2647399902344
23763.416184807247,152.0979156494141
24039.734977653843,151
24316.05377050044,152.0584869384766
24592.372563347035,147.9510192871094
24868.69135619363,146.1631622314453
25145.010149040227,152.9326782226562
25421.328941886823,146.3913421630859
25697.64773473342,146.7648468017578
25973.966527580014,150.6193084716797
26250.28532042661,151.5439758300781
26526.604113273206,153.694091796875
26802.922906119802,155.9608306884766
27079.241698966398,152
27355.560491812994,151.3350524902344
27631.87928465959,155.7138061523438
27908.198077506186,157.92919921875
28184.51687035278,158.7244415283203
28460.835663199377,151.0576629638672
28737.154456045973,155.2768096923828
29013.47324889257,155.7535705566406
29289.792041739165,153.0520782470703
29566.11083458576,151.7649841308594
29842.429627432357,154.9388732910156
30118.748420278953,155.6780395507812
30395.06721312555,157.7400817871094
30671.386005972145,163.0728454589844
30947.70479881874,162.0026550292969
31224.023591665336,159.7089233398438
31500.342384511932,148.1293792724609
31776.66117735853,151.8771362304688
32052.979970205124,158.5333862304688
32329.29876305172,150.5739135742188
32605.617555898316,156.4910125732422
32881.936348744915,160.1269989013672
33158.25514159151,157.8540344238281
33434.5739344381,161.5158386230469
33710.8927272847,162.4084777832031
33987.2115201313,161.2179412841797
34263.53031297789,160.2653656005859
34539.84910582448,163.8756713867188
34816.16789867108,163.4978332519531
35092.48669151768,162.9737854003906
35368.805484364275,159.13330078125
35645.12427721087,157.5553588867188
35921.44307005747,161.6846466064453
36197.761862904066,151.1927337646484
36474.08065575066,150.5989837646484
36750.39944859725,156.9718475341797
37026.71824144385,155.2107238769531
37303.03703429045,150.5881805419922
37579.35582713704,154.9247741699219
37855.674619983634,153.4667510986328
38131.993412830234,156.3902282714844
38408.31220567683,153.6989135742188
38684.630998523426,148.5795135498047
38960.94979137002,144.8248596191406
39237.26858421662,153.2523040771484
39513.58737706322,158.0316467285156
39789.90616990981,161.7935333251953
40066.2249627564,163.2396392822266
40342.543755603,152.7255859375
40618.8625484496,151.1007995605469
40895.18134129619,153.4582824707031
41171.500134142785,157
41447.818926989385,132.6478118896484
41724.137719835984,130
42000.45651268258,136.7544097900391
42276.77530552917,148.3174591064453
42553.09409837577,134.5249176025391
42829.41289122237,159.102783203125
43105.73168406896,159.7635040283203
43382.05047691555,155.5945129394531
43658.36926976215,155.2682037353516
43934.68806260875,155.0121459960938
44211.00685545534,151.0098419189453
44487.325648301936,153.2177429199219
44763.644441148535,148.5568084716797
45039.963233995135,159.3659210205078
45316.28202684173,138.8921661376953
45592.60081968832,146.5743560791016
45868.91961253492,145.8087768554688
46145.23840538152,141.338134765625
46421.55719822811,151.8900604248047
46697.8759910747,150.7528076171875
46974.1947839213,155.5753479003906
47250.5135767679,155.3106079101562
47526.832369614494,150.3996276855469
47803.15116246109,162.9610900878906
48079.469955307686,159.6943817138672
48355.788748154286,167.5284271240234
48632.10754100088,174.5053863525391
48908.42633384747,168.7870025634766
49184.74512669407,167.6758575439453
49461.06391954067,173.3432312011719
49737.38271238726,162.3331909179688
50013.701505233854,168.6141510009766
50290.02029808045,168.2245025634766
50566.33909092705,170.4209289550781
50842.657883773645,174.7399749755859
51118.97667662024,161.7168273925781
51395.29546946684,167.5419464111328
51671.61426231344,149.5574188232422
51947.93305516003,178.5748748779297
52224.25184800662,158.4270782470703
52500.57064085322,175.2893981933594
52776.88943369982,172.5117797851562
53053.20822654641,158.0832214355469
53329.527019393005,155.6626739501953
53605.845812239604,159.1719512939453
53882.164605086204,157.8528289794922
54158.483397932796,153.4651031494141
54434.80219077939,161.0429840087891
54711.12098362599,167.4369964599609
54987.43977647259,158.8209228515625
55263.75856931918,172.0009155273438
55540.07736216577,165.9634704589844
55816.39615501237,166.0601959228516
56092.71494785897,171.8746185302734
56369.03374070556,184.2280426025391
56645.352533552155,181.9797973632812
56921.671326398755,182.1147155761719
57197.990119245354,187.2723083496094
57474.30891209195,191.6224670410156
57750.62770493854,191.4103088378906
58026.94649778514,188.3601989746094
58303.26529063174,187.4292602539062
58579.58408347833,194.411376953125
58855.90287632492,195.2127990722656
59132.22166917152,192.4620971679688
59408.54046201812,195.8660278320312
59684.859254864714,196.8404998779297
59961.178047711306,197.0246887207031
60237.496840557906,197.5006561279297
60513.815633404505,199.8552093505859
60790.1344262511,204.0970764160156
61066.45321909769,202.0422821044922
61342.77201194429,197.53271484375
61619.09080479089,199.6223754882812
61895.40959763748,199.6345367431641
62171.72839048407,208.5924987792969
62448.04718333067,208.1903839111328
62724.36597617727,221.2483520507812
63000.684769023865,226.1062622070312
63277.00356187046,220.2891540527344
63553.32235471706,220.4827423095703
63829.641147563656,212.5351715087891
64105.95994041025,226.6598663330078
64382.27873325684,222.9932250976562
64658.59752610344,232.8539733886719
64934.91631895004,229.8423919677734
65211.23511179663,236.7415161132812
65487.553904643224,240.3686981201172
65763.87269748983,235.4027099609375
66040.19149033642,237.1278991699219
66316.51028318302,249.818359375
66592.82907602961,252.4952697753906
66869.1478688762,256.1988830566406
67145.4666617228,253.3755950927734
67421.7854545694,254.1666870117188
67698.10424741599,262.1475524902344
67974.4230402626,270.7200012207031
68250.74183310919,265.9220275878906
68527.06062595578,267.4210205078125
68803.37941880237,288.5460510253906
69079.69821164897,299.1050109863281
69356.01700449557,303.1139526367188
69632.33579734217,316.4055480957031
69908.65459018876,324.37353515625
70184.97338303537,259.0926513671875
70461.29217588196,231.0933227539062
70737.61096872855,228.6391448974609
71013.92976157514,218.6491546630859
71290.24855442173,201.7563323974609
71566.56734726834,174.5908355712891
71842.88614011493,195.3369293212891
72119.20493296153,174.199951171875
72395.52372580813,172.7657165527344
72671.84251865472,169.9329071044922
72948.16131150132,168.2081604003906
73224.48010434791,166.11474609375
73500.7988971945,219.6216278076172
73777.11769004111,223.7548675537109
74053.4364828877,222.0820159912109
74329.7552757343,229.7205352783203
74606.0740685809,218.8649291992188
74882.39286142749,225.0540161132812
75158.71165427408,228.3950347900391
75435.03044712068,213.3314361572266
75711.34923996727,226.4229125976562
75987.66803281388,232.7598266601562
76263.98682566047,240.1394195556641
76540.30561850706,242.0909423828125
76816.62441135367,258.9776306152344
77092.94320420026,234.6731872558594
77369.26199704685,222.4846954345703
77645.58078989344,229.4150543212891
77921.89958274004,235.435791015625
78198.21837558664,227.3402557373047
78474.53716843323,225.6246948242188
78750.85596127983,218.3867950439453
79027.17475412643,202.4156494140625
79303.49354697303,199.4507598876953
79579.81233981962,195.9528045654297
79856.13113266621,180.2317047119141
80132.4499255128,157.2615356445312
80408.76871835941,154.1538848876953
80685.087511206,169.7420654296875
80961.4063040526,173.9824523925781
81237.7250968992,176.6587982177734
81514.0438897458,181.9714508056641
81790.36268259239,171.8086547851562
82066.68147543898,165.271728515625
82343.00026828557,182.8448181152344
82619.31906113218,179.0050048828125
82895.63785397877,189.5000305175781
83171.95664682536,179.4935302734375
83448.27543967197,179.1941375732422
83724.59423251856,174.1904754638672
84000.91302536515,196.1824340820312
84277.23181821175,202.0882568359375
84553.55061105834,192.9127197265625
84829.86940390494,189.9827117919922
85106.18819675154,195.8126831054688
85382.50698959813,201.8452301025391
85658.82578244474,186.92919921875
85935.14457529133,178.0913696289062
86211.46336813792,166.0086822509766
86487.78216098451,176.6053161621094
86764.1009538311,173.7695159912109
87040.41974667771,173.9546051025391
87316.7385395243,165.2962493896484
87593.0573323709,158.5868072509766
87869.3761252175,127.0682144165039
88145.6949180641,133.3650360107422
88422.01371091069,126.3876190185547
88698.33250375728,119.296875
88974.65129660387,125.6954040527344
89250.97008945048,120.9095001220703
89527.28888229707,118.2950897216797
89803.60767514366,117.9243545532227
90079.92646799027,120.3056259155273
90356.24526083686,147.2133483886719
90632.56405368345,149.1792144775391
90908.88284653005,152.4136810302734
91185.20163937664,154.9052276611328
91461.52043222325,156.0377655029297
91737.83922506984,167.5262145996094
92014.15801791643,169.3486022949219
92290.47681076304,170.3229064941406
92566.79560360963,165.5822143554688
92843.11439645622,167.5370330810547
93119.43318930281,167.5459289550781
93395.7519821494,162.2734985351562
93672.07077499601,154.3322906494141
93948.3895678426,161.5055389404297
94224.7083606892,171.2326202392578
94501.0271535358,167.3269653320312
94777.3459463824,168.5391845703125
95053.66473922899,169.8847503662109
95329.98353207558,169.4512329101562
95606.30232492217,166.8408966064453
95882.62111776878,163.7203216552734
96158.93991061537,158.9724884033203
96435.25870346196,153.1992797851562
96711.57749630857,149.7147521972656
96987.89628915516,149.5609893798828
97264.21508200176,152.7228546142578
97540.53387484835,155.6125793457031
97816.85266769494,152.5436248779297
98093.17146054155,151.5982513427734
98369.49025338814,153.1932067871094
98645.80904623473,152.6128082275391
98922.12783908134,147.7258148193359
99198.44663192793,139.8038787841797
99474.76542477452,145.2850494384766
99751.08421762112,144.5668182373047
100027.40301046771,143.5174407958984
100303.72180331431,144.5246887207031
100580.0405961609,144.7057800292969
100856.3593890075,154.3330230712891
101132.6781818541,168.0440979003906
101408.9969747007,158.4993743896484
101685.31576754729,160.5098571777344
101961.63456039388,159.245849609375
102237.95335324047,158.7671813964844
102514.27214608708,160.2555999755859
102790.59093893367,166.5640716552734
103066.90973178027,172.5634460449219
103343.22852462687,165.8592529296875
103619.54731747347,156.3844299316406
103895.86611032006,158.6614227294922
104172.18490316665,169.0737152099609
104448.50369601324,179.8197784423828
104724.82248885985,169.0681457519531
105001.14128170644,164.0741271972656
105277.46007455303,177.3906860351562
105553.77886739964,181.4827423095703
105830.09766024623,166.7772827148438
106106.41645309282,157.5863342285156
106382.73524593942,157.5928802490234
106659.05403878601,160.9260406494141
106935.37283163262,158.2252655029297
107211.69162447921,157.9715270996094
107488.0104173258,150.4104766845703
107764.32921017241,155.1864624023438
108040.648003019,160.1670532226562
108316.96679586559,162.0802612304688
108593.28558871218,163.0783996582031
108869.60438155878,167.106201171875
109145.92317440538,168.0616149902344
109422.24196725198,157.3677520751953
109698.56076009857,159.6947937011719
109974.87955294517,181.8511505126953
110251.19834579177,166.8967895507812
110527.51713863836,142.5511627197266
110803.83593148495,179.9047393798828
111080.15472433154,155.8150024414062
111356.47351717815,162.6342468261719
111632.79231002474,138.8030548095703
111909.11110287133,133.6872100830078
112185.42989571794,154.8986358642578
112461.74868856453,149.3311920166016
112738.06748141113,159.96337890625
113014.38627425772,131.7671661376953
113290.70506710431,112.1668853759766
113567.02385995092,145.4001770019531
113843.34265279751,130.1978912353516
114119.6614456441,97.0902099609375
114395.98023849071,102.0163269042969
114672.2990313373,34.36820602416992
114948.6178241839,27.54020690917969
115224.93661703049,25.55301094055176
115501.25540987708,24.05814361572266
115777.57420272368,24.25675582885742
116053.89299557028,21.09410858154297
116330.21178841687,20.25647926330566
116606.53058126348,21.74800682067871
116882.84937411007,17.28939819335938
117159.16816695666,16.78039741516113
117435.48695980325,14.10239505767822
117711.80575264985,13.37017917633057
117988.12454549645,13.08341121673584
118264.44333834304,10.72296333312988
118540.76213118964,9.279277801513672
118817.08092403624,8.31969928741455
119093.39971688284,6.334561824798584
119369.71850972943,6.582446098327637
119646.03730257602,7.099393367767334
119922.35609542261,6.565540313720703
120198.67488826922,6.151098251342773
120474.99368111581,4.813977241516113
120751.3124739624,4.468549251556396
121027.63126680901,4.473827362060547
121303.9500596556,4.132717132568359
121580.2688525022,4.065225601196289
121856.58764534879,4.255004405975342
122132.90643819538,3.6948082447052
122409.22523104199,6.045278072357178
122685.54402388858,5.552250862121582
122961.86281673517,2.680493831634521
123238.18160958178,3.213386535644531
123514.50040242837,2.171600818634033
123790.81919527496,3.810039281845093
124067.13798812155,3.089071273803711
124343.45678096815,7.265539169311523
124619.77557381475,31.88454055786133
124896.09436666135,60.66302490234375
125172.41315950794,59.27017974853516
125448.73195235454,54.33965682983398
125725.05074520114,50.97123718261719
126001.36953804773,46.34357070922852
126277.68833089432,21.35001564025879
126554.00712374091,39.60290145874023
126830.32591658752,43.54822158813477
127106.64470943411,43.01636505126953
127382.9635022807,42.22156524658203
127659.28229512731,40.99883651733398
127935.6010879739,37.39529418945312
128211.9198808205,35.03487777709961
128488.23867366709,35.67585372924805
128764.55746651368,32.7269401550293
129040.87625936029,26.64610481262207
129317.19505220688,29.93112754821777
129593.51384505347,30.21125984191895
129869.83263790008,30.43218231201172
130146.15143074667,28.02044105529785
130422.47022359326,25.91558837890625
130698.78901643986,25.56199645996094
130975.10780928645,24.95992660522461
131251.42660213305,23.7261791229248
131527.74539497966,21.76942825317383
131804.06418782624,19.43308067321777
132080.38298067285,16.36452865600586
132356.70177351942,16.16778182983398
132633.02056636603,4.491772174835205
132909.33935921264,1.817391037940979
133185.65815205922,0.2062414288520813
133461.97694490582,-0.1163415312767029
133738.2957377524,1.079050898551941
134014.614530599,0.8901411890983582
134290.9333234456,0.8838607668876648
134567.2521162922,0.7613317370414734
134843.5709091388,3.25048303604126
135119.8897019854,12.63278865814209
135396.20849483198,14.0876522064209
135672.5272876786,10.99656295776367
135948.8460805252,2.718611478805542
136225.16487337177,5.744791507720947
136501.48366621838,11.64280986785889
136777.80245906496,16.50343894958496
137054.12125191157,27.70216751098633
137330.44004475817,28.34515190124512
137606.75883760475,29.91413307189941
137883.07763045136,30.00717735290527
138159.39642329793,28.85506248474121
138435.71521614454,32.23318099975586
138712.03400899115,30.32939720153809
138988.35280183773,31.77432250976562
139264.67159468433,32.82801818847656
139540.99038753094,31.01408386230469
139817.30918037752,30.1859302520752
140093.62797322412,29.46308517456055
140369.94676607073,22.55977439880371
140646.2655589173,22.15398406982422
140922.58435176392,16.66809463500977
141198.9031446105,14.461350440979