Dystans (m),Wysokość (m)
0,785.4133911132812
8.407339800980743,785.4170532226562
16.814679601961487,785.4273071289062
25.22201940294223,785.4441528320312
33.629359203922974,785.466796875
42.03669900490372,785.4816284179688
50.44403880588446,785.4898681640625
58.851378606865204,785.491455078125
67.25871840784595,785.4865112304688
75.66605820882668,785.4749755859375
84.07339800980743,785.4568481445312
92.48073781078818,785.43212890625
100.88807761176892,785.4008178710938
109.29541741274966,785.3629150390625
117.70275721373041,785.4579467773438
126.11009701471116,785.609375
134.5174368156919,785.7608032226562
142.92477661667263,785.9121704101562
151.33211641765337,786.0635986328125
159.73945621863413,786.2119750976562
168.14679601961487,786.2841796875
176.5541358205956,786.36962890625
184.96147562157637,786.4682006835938
193.3688154225571,786.5406494140625
201.77615522353784,786.5413208007812
210.18349502451858,786.5485229492188
218.59083482549931,786.5623779296875
226.99817462648008,786.5828247070312
235.40551442746082,786.60986328125
243.81285422844155,786.4981689453125
252.22019402942232,786.3423461914062
260.627533830403,786.19970703125
269.0348736313838,786.0703125
277.44221343236455,785.7926635742188
285.84955323334526,785.4094848632812
294.256893034326,785.0244750976562
302.66423283530673,784.5713500976562
311.0715726362875,784.0123901367188
319.47891243726826,783.4119262695312
327.88625223824897,782.786865234375
336.29359203922974,782.1240234375
344.7009318402105,781.4285278320312
353.1082716411912,780.6962280273438
361.515611442172,779.91357421875
369.92295124315274,779.0910034179688
378.33029104413345,778.31640625
386.7376308451142,777.6298217773438
395.1449706460949,777.0772094726562
403.5523104470757,776.6743774414062
411.95965024805645,776.30078125
420.36699004903716,776.044189453125
428.7743298500179,775.8353271484375
437.18166965099863,775.621826171875
445.5890094519794,775.2946166992188
453.99634925296016,774.9918823242188
462.40368905394087,774.5685424804688
470.81102885492163,774.5637817382812
479.2183686559024,774.5590209960938
487.6257084568831,774.4892578125
496.03304825786387,774.3964233398438
504.44038805884463,774.3035278320312
512.8477278598253,774.2106323242188
521.255067660806,773.9932250976562
529.6624074617869,773.6529541015625
538.0697472627676,773.537109375
546.4770870637483,773.4790649414062
554.8844268647291,773.3104858398438
563.2917666657098,773.1419067382812
571.6991064666905,772.9733276367188
580.1064462676713,772.8047485351562
588.513786068652,772.63623046875
596.9211258696328,772.3656005859375
605.3284656706135,771.8887329101562
613.7358054715943,771.4119262695312
622.143145272575,771.0052490234375
630.5504850735557,770.6158447265625
638.9578248745365,770.4288940429688
647.3651646755172,770.272216796875
655.7725044764979,769.9468994140625
664.1798442774788,769.6309814453125
672.5871840784595,769.3245239257812
680.9945238794402,769.027587890625
689.401863680421,768.7400512695312
697.8092034814017,768.4619750976562
706.2165432823824,768.1488647460938
714.6238830833632,767.8106689453125
723.031222884344,767.3748168945312
731.4385626853247,766.8896484375
739.8459024863055,766.3977661132812
748.2532422872862,765.8991088867188
756.6605820882669,765.3937377929688
765.0679218892476,764.8815307617188
773.4752616902284,764.3626098632812
781.8826014912091,763.8369750976562
790.2899412921898,763.3045043945312
798.6972810931707,762.8931274414062
807.1046208941514,762.8233032226562
815.5119606951321,762.7817993164062
823.9193004961129,762.7267456054688
832.3266402970936,762.658203125
840.7339800980743,762.576171875
849.1413198990551,762.4805908203125
857.5486597000358,762.3714599609375
865.9559995010165,762.2489013671875
874.3633393019973,762.1127319335938
882.7706791029781,762.0213623046875
891.1780189039588,761.9356079101562
899.5853587049395,761.849853515625
907.9926985059203,761.7640991210938
916.400038306901,761.6782836914062
924.8073781078817,761.592529296875
933.2147179088626,761.5067749023438
941.6220577098433,761.4210205078125
950.029397510824,761.3352661132812
958.4367373118048,761.196044921875
966.8440771127855,761.00390625
975.2514169137662,760.811767578125
983.658756714747,760.61962890625
992.0660965157277,760.427490234375
1000.4734363167084,760.2353515625
1008.8807761176893,760.0431518554688
1017.28811591867,759.8510131835938
1025.6954557196507,759.6588745117188
1034.1027955206314,759.4365844726562
1042.510135321612,758.9443969726562
1050.917475122593,758.4387817382812
1059.3248149235737,757.9195556640625
1067.7321547245544,757.3896484375
1076.1394945255352,756.8926391601562
1084.5468343265159,756.3888549804688
1092.9541741274966,755.8783569335938
1101.3615139284773,755.361083984375
1109.7688537294582,754.8370361328125
1118.176193530439,754.605712890625
1126.5835333314196,754.4937133789062
1134.9908731324003,754.3749389648438
1143.398212933381,754.2494506835938
1151.8055527343618,754.1171875
1160.2128925353427,753.9781494140625
1168.6202323363234,753.8323974609375
1177.027572137304,753.6798706054688
1185.4349119382848,753.5205688476562
1193.8422517392655,753.3544921875
1202.2495915402462,753.1817016601562
1210.656931341227,753.0021362304688
1219.0642711422079,752.8158569335938
1227.4716109431886,752.6227416992188
1235.8789507441693,752.4229125976562
1244.28629054515,752.2163696289062
1252.6936303461307,752.0029907226562
1261.1009701471114,751.7828979492188
1269.5083099480923,751.5560302734375
1277.915649749073,751.4756469726562
1286.3229895500538,751.41748046875
1294.7303293510345,751.3660888671875
1303.1376691520152,751.3214111328125
1311.5450089529959,751.199462890625
1319.9523487539768,751.0123291015625
1328.3596885549575,750.8197021484375
1336.7670283559382,750.5352172851562
1345.174368156919,750.2077026367188
1353.5817079578997,749.8671875
1361.9890477588804,749.5631103515625
1370.396387559861,749.2073974609375
1378.803727360842,748.8568725585938
1387.2110671618227,748.5113525390625
1395.6184069628034,748.1709594726562
1404.0257467637841,747.893798828125
1412.4330865647648,747.6817016601562
1420.8404263657455,747.4747314453125
1429.2477661667265,747.2728271484375
1437.6551059677072,747.0760498046875
1446.062445768688,746.8843994140625
1454.4697855696686,746.69775390625
1462.8771253706493,746.5162963867188
1471.28446517163,746.3491821289062
1479.691804972611,746.5272216796875
1488.0991447735917,746.673583984375
1496.5064845745724,746.8167114257812
1504.913824375553,746.9567260742188
1513.3211641765338,747.0935668945312
1521.7285039775145,747.172607421875
1530.1358437784952,747.2240600585938
1538.5431835794761,747.2651977539062
1546.9505233804568,747.328369140625
1555.3578631814376,747.4012451171875
1563.7652029824183,747.4479370117188
1572.172542783399,747.6469116210938
1580.5798825843797,747.8193969726562
1588.9872223853606,747.9652709960938
1597.3945621863413,748.0845947265625
1605.801901987322,748.1605224609375
1614.2092417883027,748.2078247070312
1622.6165815892834,748.229736328125
1631.0239213902641,748.226318359375
1639.4312611912449,748.197509765625
1647.8386009922258,748.1433715820312
1656.2459407932065,748.1918334960938
1664.6532805941872,748.4142456054688
1673.060620395168,748.9186401367188
1681.4679601961486,749.372314453125
1689.8752999971293,749.7752685546875
1698.2826397981103,750.1275024414062
1706.689979599091,750.4290771484375
1715.0973194000717,750.6798706054688
1723.5046592010524,750.8800048828125
1731.911999002033,751.0294189453125
1740.3193388030138,751.1281127929688
1748.7266786039945,751.1760864257812
1757.1340184049754,751.2286987304688
1765.5413582059562,751.7080688476562
1773.9486980069369,752.4539184570312
1782.3560378079176,753.18896484375
1790.7633776088983,753.8732299804688
1799.170717409879,754.5068359375
1807.57805721086,755.0897216796875
1815.9853970118406,755.6218872070312
1824.3927368128213,756.1033325195312
1832.800076613802,756.5341186523438
1841.2074164147828,756.9141235351562
1849.6147562157635,757.2434692382812
1858.0220960167444,757.6484375
1866.429435817725,758.0941162109375
1874.8367756187058,758.5651245117188
1883.2441154196865,759.0614624023438
1891.6514552206672,759.7398071289062
1900.058795021648,760.458251953125
1908.4661348226286,761.1893920898438
1916.8734746236096,761.9332275390625
1925.2808144245903,762.6897583007812
1933.688154225571,763.4544677734375
1942.0954940265517,764.0313720703125
1950.5028338275324,764.6170654296875
1958.9101736285131,765.21142578125
1967.317513429494,765.8106689453125
1975.7248532304748,766.26708984375
1984.1321930314555,766.777099609375
1992.5395328324362,767.3118286132812
2000.946872633417,767.8442993164062
2009.3542124343976,768.3744506835938
2017.7615522353785,768.9088745117188
2026.1688920363592,769.3336181640625
2034.57623183734,769.6156616210938
2042.9835716383207,769.9188842773438
2051.3909114393014,770.3053588867188
2059.7982512402823,770.9436645507812
2068.205591041263,771.342529296875
2076.6129308422437,771.8018188476562
2085.020270643224,772.3275146484375
2093.427610444205,772.9196166992188
2101.834950245186,773.5781860351562
2110.2422900461665,773.8491821289062
2118.6496298471475,773.7528686523438
2127.056969648128,773.6683959960938
2135.464309449109,773.5669555664062
2143.8716492500894,773.4095458984375
2152.2789890510703,773.24267578125
2160.6863288520512,773.0662231445312
2169.0936686530317,772.8803100585938
2177.5010084540127,772.6849365234375
2185.908348254993,772.4800415039062
2194.315688055974,772.265625
2202.7230278569546,772.041748046875
2211.1303676579355,771.9891967773438
2219.5377074589164,772.4874877929688
2227.945047259897,772.9881591796875
2236.352387060878,773.4912109375
2244.7597268618583,773.7117919921875
2253.1670666628393,773.422119140625
2261.57440646382,773.1196899414062
2269.9817462648007,772.3723754882812
2278.3890860657816,771.2733764648438
2286.796425866762,770.179931640625
2295.203765667743,769.092041015625
2303.6111054687235,768.0325317382812
2312.0184452697044,767.0946655273438
2320.4257850706854,766.2669677734375
2328.833124871666,765.4512329101562
2337.240464672647,764.6494140625
2345.6478044736273,763.867431640625
2354.055144274608,763.0878295898438
2362.4624840755887,762.3106689453125
2370.8698238765696,761.535888671875
2379.2771636775506,761.0264282226562
2387.684503478531,760.6035766601562
2396.091843279512,760.2002563476562
2404.4991830804925,760.1303100585938
2412.9065228814734,760.189697265625
2421.313862682454,760.2490844726562
2429.721202483435,760.3085327148438
2438.1285422844157,760.7347412109375
2446.535882085396,761.2664794921875
2454.943221886377,761.7904663085938
2463.3505616873576,762.3367309570312
2471.7579014883386,763.0387573242188
2480.1652412893195,763.8135986328125
2488.5725810903,764.6017456054688
2496.979920891281,765.403076171875
2505.3872606922614,766.2177124023438
2513.7946004932423,767.0455932617188
2522.201940294223,767.8866577148438
2530.6092800952038,768.7410278320312
2539.0166198961847,769.6065063476562
2547.423959697165,770.4409790039062
2555.831299498146,771.2622680664062
2564.2386392991266,772.0702514648438
2572.6459791001075,772.795654296875
2581.053318901088,773.3175048828125
2589.460658702069,773.8392944335938
2597.86799850305,774.3611450195312
2606.2753383040304,774.8829956054688
2614.6826781050113,775.40478515625
2623.0900179059918,775.9266357421875
2631.4973577069727,776.5379638671875
2639.9046975079536,777.1522827148438
2648.312037308934,777.7402954101562
2656.719377109915,778.302001953125
2665.1267169108955,778.0933227539062
2673.5340567118765,777.8529663085938
2681.941396512857,777.6616821289062
2690.348736313838,777.1942749023438
2698.756076114819,776.3402709960938
2707.1634159157993,775.5160522460938
2715.5707557167802,774.6781005859375
2723.9780955177607,773.7987060546875
2732.3854353187417,772.906005859375
2740.792775119722,772.0000610351562
2749.200114920703,771.080810546875
2757.607454721684,770.1483154296875
2766.0147945226645,769.2025146484375
2774.4221343236454,768.243408203125
2782.829474124626,767.2710571289062
2791.236813925607,766.5245361328125
2799.644153726588,765.867919921875
2808.0514935275683,765.2112426757812
2816.458833328549,764.5546264648438
2824.8661731295297,763.8980102539062
2833.2735129305106,763.2413330078125
2841.680852731491,762.584716796875
2850.088192532472,761.926025390625
2858.495532333453,761.2608642578125
2866.9028721344334,760.595703125
2875.3102119354144,759.9249877929688
2883.717551736395,759.14306640625
2892.124891537376,758.3612060546875
2900.5322313383563,757.6975708007812
2908.939571139337,757.0512084960938
2917.346910940318,756.40478515625
2925.7542507412986,755.7584228515625
2934.1615905422796,755.1119995117188
2942.56893034326,754.5739135742188
2950.976270144241,754.2992553710938
2959.383609945222,754.1090087890625
2967.7909497462024,753.905517578125
2976.1982895471833,753.6888427734375
2984.605629348164,753.458984375
2993.0129691491447,753.3958129882812
3001.420308950125,753.3245849609375
3009.827648751106,753.2116088867188
3018.234988552087,753.0532836914062
3026.6423283530676,752.871337890625
3035.0496681540485,752.665771484375
3043.457007955029,752.4365844726562
3051.86434775601,752.1837158203125
3060.2716875569904,751.9072875976562
3068.6790273579713,751.6900634765625
3077.0863671589523,751.710693359375
3085.4937069599328,751.7431640625
3093.9010467609137,751.7874755859375
3102.308386561894,752.0357666015625
3110.715726362875,752.2764282226562
3119.1230661638556,752.4935302734375
3127.5304059648365,752.6869506835938
3135.9377457658175,752.8567504882812
3144.345085566798,753.0029296875
3152.752425367779,753.12548828125
3161.1597651687593,753.2244262695312
3169.5671049697403,753.2996826171875
3177.974444770721,753.351318359375
3186.3817845717017,753.554931640625
3194.7891243726826,753.6189575195312
3203.196464173663,753.6829833984375
3211.603803974644,753.9434204101562
3220.0111437756245,754.2479858398438
3228.4184835766055,754.5525512695312
3236.8258233775864,754.8571166992188
3245.233163178567,755.16162109375
3253.640502979548,755.4661865234375
3262.0478427805283,755.9932861328125
3270.4551825815092,756.5751342773438
3278.8625223824897,757.148681640625
3287.2698621834707,757.7139282226562
3295.6772019844516,758.2709350585938
3304.084541785432,758.819580078125
3312.491881586413,759.3599853515625
3320.8992213873935,759.92138671875
3329.3065611883744,760.5802001953125
3337.7139009893554,761.3233642578125
3346.121240790336,762.0664672851562
3354.5285805913168,762.8096313476562
3362.9359203922972,763.5527954101562
3371.343260193278,764.2958984375
3379.7505999942587,765.0427856445312
3388.1579397952396,765.79833984375
3396.5652795962205,766.5538940429688
3404.972619397201,767.345703125
3413.379959198182,768.1578369140625
3421.7872989991624,768.9622192382812
3430.1946388001434,769.759033203125
3438.601978601124,770.5481567382812
3447.009318402105,771.32958984375
3455.4166582030857,772.1034545898438
3463.823998004066,772.8695678710938
3472.231337805047,773.6281127929688
3480.6386776060276,774.4251708984375
3489.0460174070085,775.2039794921875
3497.453357207989,775.9828491210938
3505.86069700897,776.7616577148438
3514.268036809951,777.54052734375
3522.6753766109314,778.1325073242188
3531.0827164119123,778.6944580078125
3539.490056212893,779.24462890625
3547.8973960138737,779.7830200195312
3556.3047358148547,780.293701171875
3564.712075615835,780.7415161132812
3573.119415416816,780.9329223632812
3581.5267552177966,781.0473022460938
3589.9340950187775,781.1617431640625
3598.341434819758,781.2761840820312
3606.748774620739,781.3905639648438
3615.15611442172,781.5050048828125
3623.5634542227003,781.6194458007812
3631.9707940236813,781.8469848632812
3640.3781338246617,782.1546020507812
3648.7854736256427,782.5107421875
3657.192813426623,782.8917236328125
3665.600153227604,783.02685546875
3674.007493028585,783.1840209960938
3682.4148328295655,783.3631591796875
3690.8221726305464,783.5643310546875
3699.229512431527,783.7875366210938
3707.636852232508,784.02294921875
3716.044192033489,784.0015258789062
3724.4515318344693,783.9816284179688
3732.85887163545,783.9727172851562
3741.2662114364307,783.9747924804688
3749.6735512374116,783.9879150390625
3758.080891038392,784.0120849609375
3766.488230839373,784.0471801757812
3774.895570640354,784.0933227539062
3783.3029104413345,784.1504516601562
3791.7102502423154,784.09130859375
3800.117590043296,783.9873657226562
3808.524929844277,783.8999633789062
3816.9322696452573,783.8290405273438
3825.3396094462382,783.774658203125
3833.746949247219,783.7367553710938
3842.1542890481996,783.7153930664062
3850.5616288491806,783.7105102539062
3858.968968650161,783.72216796875
3867.376308451142,783.7291870117188
3875.783648252123,783.7174072265625
3884.1909880531034,783.716552734375
3892.5983278540843,783.7267456054688
3901.005667655065,783.7479248046875
3909.4130074560458,783.7801513671875
3917.8203472570262,783.8233642578125
3926.227687058007,783.8775634765625
3934.635026858988,783.9428100585938
3943.0423666599686,784.1060180664062
3951.4497064609495,784.89453125
3959.85704626193,785.5783081054688
3968.264386062911,785.60009765625
3976.6717258638914,785.6218872070312
3985.0790656648724,785.6436157226562
3993.4864054658533,785.6654052734375
4001.893745266834,785.6871948242188
4010.3010850678147,785.708984375
4018.708424868795,785.7307739257812
4027.115764669776,785.2322387695312
4035.523104470757,784.6214599609375
4043.9304442717375,784.0355224609375
4052.3377840727185,783.4744873046875
4060.745123873699,782.9382934570312
4069.15246367468,782.4269409179688
4077.5598034756604,781.9404296875
4085.9671432766413,781.4788208007812
4094.3744830776222,781.0419921875
4102.781822878603,780.8331909179688
4111.189162679583,780.9087524414062
4119.596502480565,781.02783203125
4128.003842281545,781.1903686523438
4136.411182082526,781.3964233398438
4144.818521883507,781.6459350585938
4153.225861684487,781.9390258789062
4161.633201485468,782.2755737304688
4170.040541286448,782.6556396484375
4178.44788108743,783.0558471679688
4186.85522088841,783.2733764648438
4195.262560689391,783.4962158203125
4203.669900490372,783.7315063476562
4212.077240291353,783.979248046875
4220.484580092333,784.2393798828125
4228.891919893314,784.5119018554688
4237.299259694295,784.7969360351562
4245.706599495275,785.0942993164062
4254.113939296256,785.4041748046875
4262.521279097237,785.4566040039062
4270.928618898218,785.4343872070312
4279.335958699198,785.4183349609375
4287.743298500179,785.4085693359375
4296.15063830116,785.4049682617188