Dystans (m),Wysokość (m)
0,751.237060546875
123.70351011753476,766.2405395507812
247.40702023506952,779.949462890625
371.1105303526043,781.0904541015625
494.81404047013905,770.5509643554688
618.5175505876738,758.3818969726562
742.2210607052086,749.080810546875
865.9245708227434,746.0210571289062
989.6280809402781,745.8571166992188
1113.3315910578128,745.3502807617188
1237.0351011753476,746.3596801757812
1360.7386112928823,748
1484.4421214104173,750.3519287109375
1608.145631527952,753.8779296875
1731.8491416454867,760.7958374023438
1855.5526517630215,760.8125610351562
1979.2561618805562,741.7981567382812
2102.959671998091,713.1449584960938
2226.6631821156257,689.3468017578125
2350.3666922331604,667.3567504882812
2474.070202350695,655.2718505859375
2597.77371246823,679.9884643554688
2721.4772225857646,709.5274658203125
2845.1807327032993,719.6058959960938
2968.8842428208345,747.470458984375
3092.5877529383692,751.444091796875
3216.291263055904,730.3003540039062
3339.9947731734387,721.2451171875
3463.6982832909734,727.9634399414062
3587.401793408508,710.796875
3711.105303526043,717.568115234375
3834.8088136435777,733.9393920898438
3958.5123237611124,724.0385131835938
4082.215833878647,693.3160400390625
4205.919343996182,662.4370727539062
4329.622854113717,644.124267578125
4453.326364231251,651.2260131835938
4577.0298743487865,649.8197021484375
4700.733384466321,626.7874755859375
4824.436894583856,580.2021484375
4948.14040470139,537.6337890625
5071.843914818925,538.8264770507812
5195.54742493646,536.9592895507812
5319.250935053995,557.2430419921875
5442.954445171529,582.4615478515625
5566.657955289064,581.0485229492188
5690.361465406599,593.6246948242188
5814.064975524134,573.0302124023438
5937.768485641669,578.7811889648438
6061.471995759203,607.5291137695312
6185.1755058767385,606.9434814453125
6308.879015994273,608.9692993164062
6432.582526111808,616.3971557617188
6556.286036229342,609.99365234375
6679.989546346877,599.1837768554688
6803.693056464412,583.1649169921875
6927.396566581947,570.9552612304688
7051.100076699481,559.8173828125
7174.803586817016,549.6981201171875
7298.507096934551,529.9074096679688
7422.210607052086,495.5045776367188
7545.91411716962,447.0164794921875
7669.617627287155,447.0741882324219
7793.32113740469,456.2568969726562
7917.024647522225,435.0465698242188
8040.72815763976,429.3839111328125
8164.431667757294,419.7171325683594
8288.135177874829,406.5059204101562
8411.838687992364,413.8023071289062
8535.542198109899,401.5146179199219
8659.245708227434,401.5520629882812
8782.949218344967,403.6195373535156
8906.652728462503,388.6501159667969
9030.356238580038,373.2822570800781
9154.059748697573,382.0945129394531
9277.763258815106,376.9797058105469
9401.466768932642,370.3074645996094
9525.170279050177,378.0419006347656
9648.873789167712,370.7323303222656
9772.577299285245,357.0996704101562
9896.28080940278,346.2613525390625
10019.984319520316,343.6820983886719
10143.68782963785,344.8503723144531
10267.391339755386,344.7548828125
10391.09484987292,367.9886474609375
10514.798359990455,377.8519897460938
10638.50187010799,361.4471435546875
10762.205380225525,342.2770080566406
10885.908890343058,342.0723266601562
11009.612400460594,383.2846069335938
11133.315910578129,394.8867797851562
11257.019420695664,368.9539184570312
11380.722930813197,372.5546875
11504.426440930732,381.1406860351562
11628.129951048268,403.1324768066406
11751.833461165803,422.9190063476562
11875.536971283338,418.3528137207031
11999.240481400871,389.3263244628906
12122.943991518407,367.2098388671875
12246.647501635942,335.6993103027344
12370.351011753477,313.4944458007812
12494.05452187101,291.6320495605469
12617.758031988546,276.9312744140625
12741.46154210608,290.3126831054688
12865.165052223616,286.4672241210938
12988.86856234115,271.74072265625
13112.572072458684,263.5669555664062
13236.27558257622,299.3335876464844
13359.979092693755,312.5368957519531
13483.682602811288,308.3499145507812
13607.386112928823,307.5816040039062
13731.089623046359,300.7262878417969
13854.793133163894,311.5058288574219
13978.496643281429,304.8833312988281
14102.200153398962,295.3076782226562
14225.903663516498,276.9031066894531
14349.607173634033,257.9863586425781
14473.310683751568,240.6730194091797
14597.014193869101,211.3692169189453
14720.717703986636,171.7834014892578
14844.421214104172,145.3680572509766
14968.124724221707,144.0513305664062
15091.82823433924,148.8514709472656
15215.531744456775,138.6599273681641
15339.23525457431,141.8595123291016
15462.938764691846,128.3248748779297
15586.64227480938,112.5990447998047
15710.345784926914,106.3053436279297
15834.04929504445,102.6466293334961
15957.752805161985,97.76754760742188
16081.45631527952,91.8482894897461
16205.159825397053,91.21484375
16328.863335514588,91.19805908203125
16452.566845632122,90.29253387451172
16576.270355749657,84.02716064453125
16699.973865867192,83.39878845214844
16823.677375984727,78.22276306152344
16947.380886102263,70.86744689941406
17071.084396219798,67.0018081665039
17194.787906337333,66.52372741699219
17318.491416454868,64.65166473388672
17442.1949265724,57.50723266601562
17565.898436689935,50.97436904907227
17689.60194680747,48.74258422851562
17813.305456925005,45.89141082763672
17937.00896704254,42.68505477905273
18060.712477160076,40.37851715087891
18184.41598727761,38.89077377319336
18308.119497395146,36.05562210083008
18431.82300751268,33.17150115966797
18555.526517630213,29.2292594909668
18679.230027747748,27.35885238647461
18802.933537865283,29.22845458984375
18926.63704798282,36.35062026977539
19050.340558100354,33.59005355834961
19174.04406821789,22.83320426940918
19297.747578335424,17.54110145568848
19421.45108845296,11.84720897674561
19545.15459857049,9.912735939025879
19668.858108688026,11.11542224884033
19792.56161880556,17.98057746887207
19916.265128923096,23.89691162109375
20039.96863904063,33.18267822265625
20163.672149158167,52.77588272094727
20287.3756592757,74.58135223388672
20411.079169393237,75.67694854736328
20534.782679510772,52.14891815185547
20658.486189628304,38.30520248413086
20782.18969974584,27.62833786010742
20905.893209863374,19.16599655151367
21029.59671998091,10.21076679229736
21153.300230098444,19.75533294677734
21277.00374021598,15.98724746704102
21400.707250333515,9.245058059692383
21524.41076045105,18.53026008605957
21648.11427056858,6.606303215026855
21771.817780686117,-0.4938538670539856
21895.521290803652,2.893511295318604
22019.224800921187,11.16225719451904
22142.928311038722,-6.483610153198242
22266.631821156258,-21.60144424438477
22390.335331273793,-25.40908813476562
22514.038841391328,-27.83712959289551
22637.742351508863,-25.86685371398926
22761.445861626395,-27.70317268371582
22885.14937174393,-32.00394439697266
23008.852881861465,-36.32921600341797
23132.556391979,-38.06637573242188
23256.259902096535,-53.08502197265625
23379.96341221407,-143.6433715820312
23503.666922331606,-250.7123870849609
23627.37043244914,-304.8230590820312
23751.073942566676,-325.5892028808594
23874.777452684208,-347.7660522460938
23998.480962801743,-370.384521484375
24122.184472919278,-378.5351257324219
24245.887983036813,-384.4967346191406
24369.59149315435,-392.1485290527344
24493.295003271884,-398.6331787109375
24616.99851338942,-400.8817138671875
24740.702023506954,-401.668701171875
24864.405533624486,-402.8840637207031
24988.10904374202,-405
25111.812553859556,-405.3653869628906
25235.51606397709,-409.8451538085938
25359.219574094626,-413.5997009277344
25482.92308421216,-415.1256408691406
25606.626594329697,-415
25730.330104447232,-415
25854.033614564767,-415
25977.7371246823,-415
26101.440634799834,-415
26225.14414491737,-415
26348.847655034904,-415
26472.55116515244,-415
26596.254675269975,-415
26719.95818538751,-415
26843.661695505045,-415
26967.365205622576,-415
27091.06871574011,-415
27214.772225857647,-415
27338.475735975182,-415
27462.179246092717,-415
27585.882756210252,-415
27709.586266327788,-415
27833.289776445323,-415
27956.993286562858,-415
28080.69679668039,-415
28204.400306797925,-415
28328.10381691546,-415
28451.807327032995,-415
28575.51083715053,-415
28699.214347268065,-415
28822.9178573856,-415
28946.621367503136,-415
29070.324877620667,-415
29194.028387738203,-415
29317.731897855738,-415
29441.435407973273,-415
29565.138918090808,-415
29688.842428208343,-415
29812.54593832588,-415
29936.249448443414,-415
30059.95295856095,-415
30183.65646867848,-415
30307.359978796016,-415
30431.06348891355,-415
30554.766999031086,-415
30678.47050914862,-415
30802.174019266156,-415
30925.87752938369,-415
31049.581039501227,-415
31173.28454961876,-415
31296.988059736294,-415
31420.69156985383,-415
31544.395079971364,-415
31668.0985900889,-415
31791.802100206434,-415
31915.50561032397,-415
32039.209120441505,-415
32162.91263055904,-415
32286.61614067657,-415
32410.319650794107,-415
32534.02316091164,-415
32657.726671029177,-415
32781.43018114671,-415
32905.133691264244,-415
33028.83720138178,-415
33152.540711499314,-415
33276.24422161685,-415
33399.947731734384,-415
33523.65124185192,-415
33647.354751969455,-415
33771.05826208699,-415
33894.761772204525,-415
34018.46528232206,-415
34142.168792439596,-415
34265.87230255713,-415
34389.575812674666,-415
34513.2793227922,-415
34636.982832909736,-415
34760.68634302727,-415
34884.3898531448,-415
35008.093363262335,-415
35131.79687337987,-415
35255.500383497405,-415
35379.20389361494,-415
35502.907403732475,-415
35626.61091385001,-415
35750.314423967546,-415
35874.01793408508,-415
35997.721444202616,-415
36121.42495432015,-415
36245.12846443769,-415
36368.83197455522,-415
36492.53548467276,-415
36616.23899479029,-415
36739.94250490783,-415
36863.64601502536,-415
36987.34952514289,-415
37111.053035260426,-415
37234.75654537796,-415
37358.460055495496,-415
37482.16356561303,-415
37605.867075730566,-415
37729.5705858481,-415
37853.27409596564,-415
37976.97760608317,-415
38100.68111620071,-410.3086547851562
38224.38462631824,-381.2964782714844
38348.08813643578,-340.8610229492188
38471.79164655331,-303.3743896484375
38595.49515667085,-304.0806884765625
38719.19866678838,-294.0042114257812
38842.90217690592,-275.7061157226562
38966.60568702345,-249.1581115722656
39090.30919714098,-223.4525299072266
39214.01270725852,-198.5084686279297
39337.71621737605,-165.0021820068359
39461.41972749359,-131.0136871337891
39585.12323761112,-117.074462890625
39708.82674772866,-98.84669494628906
39832.53025784619,-68.6242904663086
39956.23376796373,-8.777915000915527
40079.93727808126,16.12263298034668
40203.6407881988,11.91547012329102
40327.34429831633,-1.116031527519226
40451.04780843387,-14.95775318145752
40574.7513185514,-5.817287921905518
40698.45482866894,4.879552364349365
40822.158338786474,14.74839305877686
40945.86184890401,30.15758323669434
41069.565359021544,104.5152740478516
41193.26886913907,180.6657867431641
41316.97237925661,234.8154754638672
41440.67588937414,264.1512451171875
41564.37939949168,300.4106140136719
41688.08290960921,315.1218566894531
41811.78641972675,285.1130676269531
41935.48992984428,274.0363464355469
42059.19343996182,276.1581420898438
42182.896950079354,301.9734191894531
42306.60046019689,330.0338134765625
42430.303970314424,362.1892395019531
42554.00748043196,378.2447204589844
42677.710990549494,391.1044616699219
42801.41450066703,394.5574340820312
42925.118010784565,406.7926025390625
43048.8215209021,420.2010803222656
43172.525031019635,453.4906921386719
43296.22854113716,473.7616882324219
43419.9320512547,501.9347839355469
43543.63556137223,491.4089965820312
43667.33907148977,492.5935668945312
43791.042581607304,516.0084838867188
43914.74609172484,550.52880859375
44038.449601842374,565.7169189453125
44162.15311195991,542.5438842773438
44285.856622077445,530.8641357421875
44409.56013219498,554.1901245117188
44533.263642312515,596.6739501953125
44656.96715243005,580.4417114257812
44780.670662547585,571.88037109375
44904.37417266512,561.2841186523438
45028.077682782656,558.2861938476562
45151.78119290019,563.4777221679688
45275.484703017726,595.0809326171875
45399.188213135254,636.9091186523438
45522.89172325279,671.7147827148438
45646.595233370324,693.7308349609375
45770.29874348786,705.5385131835938
45894.002253605395,695.3831787109375
46017.70576372293,693.8701782226562
46141.409273840465,706.5772705078125
46265.112783958,716.1023559570312
46388.816294075536,712.7088623046875
46512.51980419307,713.51171875
46636.223314310606,716.4592895507812
46759.92682442814,716.1260375976562
46883.630334545676,723.3698120117188
47007.33384466321,726.2527465820312
47131.03735478075,720.044677734375
47254.74086489828,701.2815551757812
47378.44437501582,680.9888305664062
47502.14788513335,658.0843505859375
47625.85139525088,632.9797973632812
47749.554905368415,644.2099609375
47873.25841548595,671.4698486328125
47996.961925603486,692.2840576171875
48120.66543572102,706.6886596679688
48244.368945838556,725.156494140625
48368.07245595609,745.3775024414062
48491.77596607363,757.4035034179688
48615.47947619116,754.02490234375
48739.1829863087,749.5513305664062
48862.88649642623,742.0326538085938
48986.59000654377,731.865966796875
49110.2935166613,735.3480224609375
49233.99702677884,743.6792602539062
49357.70053689637,748.1986083984375
49481.40404701391,748.5521240234375
49605.10755713144,742.7815551757812
49728.81106724897,744.1986694335938
49852.514577366506,737.7936401367188
49976.21808748404,719.8255004882812
50099.92159760158,719.5502319335938
50223.62510771911,724.8880004882812
50347.32861783665,718.3270874023438
50471.03212795418,711.9735717773438
50594.73563807172,708.3042602539062
50718.43914818925,724.1903686523438
50842.14265830679,745.767333984375
50965.84616842432,765.4418334960938
51089.54967854186,774.5398559570312
51213.25318865939,764.0588989257812
51336.95669877693,756.8568725585938
51460.660208894464,771.369140625
51584.363719012,753.2921142578125
51708.067229129534,720.6115112304688
51831.77073924706,705.9953002929688
51955.4742493646,714.7593994140625
52079.17775948213,711.787841796875
52202.88126959967,709.0328369140625
52326.5847797172,712.0623779296875
52450.28828983474,709.072021484375
52573.99179995227,705.2711791992188
52697.69531006981,707.2924194335938
52821.39882018734,712.5015869140625
52945.10233030488,712.3670043945312
53068.805840422414,718.734130859375
53192.50935053995,720.4334106445312
53316.212860657484,726.8375854492188
53439.91637077502,725.4071044921875
53563.619880892555,723.35595703125
53687.32339101009,729.9522094726562
53811.026901127625,737.4682006835938
53934.73041124515,737.89599609375
54058.43392136269,732.1248779296875
54182.13743148022,715.1468505859375
54305.84094159776,679.0480346679688
54429.544451715294,640.9292602539062
54553.24796183283,602.5436401367188
54676.951471950364,568.8045043945312
54800.6549820679,535.5786743164062
54924.358492185434,474.2201538085938
55048.06200230297,430.2486267089844
55171.765512420505,396.5047607421875
55295.46902253804,355.3824157714844
55419.172532655575,336.6878051757812
55542.87604277311,306.4460754394531
55666.579552890646,266.7245483398438
55790.28306300818,244.1818542480469
55913.986573125716,270.7211303710938
56037.690083243244,298.4743957519531
56161.39359336078,341.6672973632812
56285.097103478314,392.6571655273438
56408.80061359585,432.8141479492188
56532.504123713385,470.3676452636719
56656.20763383092,536.9335327148438
56779.911143948455,624.0852661132812
56903.61465406599,702.5658569335938
57027.318164183525,723.7865600585938
57151.02167430106,722.0508422851562
57274.725184418596,718.797607421875
57398.42869453613,716.5078125
57522.132204653666,716.4845581054688
57645.8357147712,710.9617309570312
57769.53922488874,707.109619140625
57893.24273500627,707.99853515625
58016.94624512381,713.58935546875
58140.649755241335,716.728759765625
58264.35326535887,717.0507202148438
58388.056775476405,715.4512329101562
58511.76028559394,716.429443359375
58635.463795711476,716.28759765625
58759.16730582901,713.5003051757812
58882.870815946546,709.2861328125
59006.57432606408,705.7659912109375
59130.277836181616,703.3490600585938
59253.98134629915,699.2105712890625
59377.68485641669,693.2927856445312
59501.38836653422,689.1408081054688
59625.09187665176,687.1448974609375
59748.79538676929,685.5733032226562
59872.49889688683,691.4981079101562
59996.20240700436,708.0197143554688
60119.9059171219,717.1237182617188
60243.609427239426,723.2523193359375
60367.31293735696,725.4269409179688
60491.016447474496,719.3096313476562
60614.71995759203,723.68359375
60738.42346770957,723.26318359375
60862.1269778271,715.8577270507812
60985.83048794464,703.4793090820312
61109.53399806217,686.1109619140625
61233.23750817971,669.5465087890625
61356.94101829724,687.1531982421875
61480.64452841478,697.8179931640625
61604.34803853231,694.3878784179688
61728.05154864985,697.5269165039062
61851.75505876738,706.476318359375
61975.45856888492,713.449462890625
62099.16207900245,717.415771484375
62222.86558911999,714.5
62346.56909923752,718.8785400390625
62470.27260935505,719.8421630859375
62593.97611947259,722.4295043945312
62717.67962959012,726.4700927734375
62841.38313970766,727.6238403320312
62965.08664982519,732.8595581054688
63088.79015994273,734.8778076171875
63212.49367006026,736.489013671875