Dystans (m),Wysokość (m)
0,4.65450382232666
420.53112368148066,1.003179550170898
841.0622473629613,1
1261.593371044442,1
1682.1244947259227,1
2102.6556184074034,1
2523.186742088884,1
2943.717865770365,6.968210220336914
3364.2489894518453,6.969189643859863
3784.780113133326,9.95376205444336
4205.311236814807,17.92365455627441
4625.842360496287,27.37788772583008
5046.373484177768,24.3480224609375
5466.904607859248,25.89917755126953
5887.43573154073,29.58953094482422
6307.96685522221,17.25354957580566
6728.497978903691,9.818038940429688
7149.029102585171,6.02347993850708
7569.560226266652,9.902566909790039
7990.091349948133,19.24956893920898
8410.622473629614,13.29540634155273
8831.153597311093,12.00536632537842
9251.684720992575,12.86599349975586
9672.215844674056,27.01973152160645
10092.746968355536,26.48007583618164
10513.278092037017,33.79391098022461
10933.809215718496,30.8541145324707
11354.340339399978,27.97343063354492
11774.87146308146,31.05700302124023
12195.402586762939,26.4073429107666
12615.93371044442,11.65657234191895
13036.4648341259,10.32417678833008
13456.995957807381,10.37200832366943
13877.527081488863,9.515154838562012
14298.058205170342,10
14718.589328851824,11.08407211303711
15139.120452533303,13.74456787109375
15559.651576214785,11.03342437744141
15980.182699896266,13.45234298706055
16400.713823577746,14.07662963867188
16821.244947259227,13.89761543273926
17241.77607094071,27.89964866638184
17662.307194622186,36.19183349609375
18082.838318303668,61.20694351196289
18503.36944198515,44.69320297241211
18923.90056566663,35.4017333984375
19344.431689348112,31.49408531188965
19764.96281302959,26.77660369873047
20185.49393671107,28.31493759155273
20606.025060392552,38.88603973388672
21026.556184074034,47.87771987915039
21447.087307755515,44.81920623779297
21867.618431436993,61.46721267700195
22288.149555118474,78.52022552490234
22708.680678799956,112.9159851074219
23129.211802481437,105.9513702392578
23549.74292616292,97.39094543457031
23970.274049844396,93.41681671142578
24390.805173525878,63.29763412475586
24811.33629720736,59.16521453857422
25231.86742088884,98.97245788574219
25652.398544570322,67.98070526123047
26072.9296682518,49.3200798034668
26493.46079193328,68.52510833740234
26913.991915614763,45.29363632202148
27334.523039296244,52.50183868408203
27755.054162977725,40.12133407592773
28175.585286659203,47.19307708740234
28596.116410340685,83.84286499023438
29016.647534022166,106.568603515625
29437.178657703647,76.9532241821289
29857.70978138513,77.62490844726562
30278.240905066607,85.25714874267578
30698.772028748088,85.96538543701172
31119.30315242957,79.29539489746094
31539.83427611105,63.36623764038086
31960.365399792532,59.03136444091797
32380.89652347401,75.67369079589844
32801.42764715549,83.32181549072266
33221.95877083697,90.72467041015625
33642.489894518454,77.34722900390625
34063.021018199935,120.1154098510742
34483.55214188142,63.59215927124023
34904.0832655629,25.20518684387207
35324.61438924437,37.8505744934082
35745.145512925854,21.68565940856934
36165.676636607335,22.41908264160156
36586.20776028882,22
37006.7388839703,23.93193626403809
37427.27000765178,25.38010406494141
37847.80113133326,31.24315452575684
38268.33225501474,49.33935928344727
38688.863378696224,50.94019317626953
39109.394502377705,69.00086975097656
39529.92562605918,54.94577789306641
39950.45674974066,42.65945816040039
40370.98787342214,45.49978637695312
40791.51899710362,72.55091094970703
41212.050120785105,52.25078582763672
41632.581244466586,96.10791778564453
42053.11236814807,66.88799285888672
42473.64349182955,68.99600982666016
42894.17461551103,82.76753997802734
43314.70573919251,79.10480499267578
43735.236862873986,76.15750885009766
44155.76798655547,81.35737609863281
44576.29911023695,107.144157409668
44996.83023391843,176.3320922851562
45417.36135759991,183.5975036621094
45837.89248128139,222.4376525878906
46258.423604962874,136.5734710693359
46678.954728644356,87.68636322021484
47099.48585232584,131.63720703125
47520.01697600732,119.1419219970703
47940.54809968879,101.0039978027344
48361.079223370274,88.1329574584961
48781.610347051756,140.0311737060547
49202.14147073324,119.7326126098633
49622.67259441472,117.8568649291992
50043.2037180962,97.64666748046875
50463.73484177768,112.1671676635742
50884.26596545916,63.58994293212891
51304.797089140644,64.2635269165039
51725.328212822125,93.55900573730469
52145.8593365036,44.38375854492188
52566.39046018508,54.31565093994141
52986.92158386656,43.83063125610352
53407.452707548044,41.35969161987305
53827.983831229525,39.46669006347656
54248.51495491101,44.57638168334961
54669.04607859249,68.731201171875
55089.57720227397,112.8635406494141
55510.10832595545,144.3497314453125
55930.639449636925,109.8859481811523
56351.170573318406,80.9954833984375
56771.70169699989,105.0024185180664
57192.23282068137,135.8578491210938
57612.76394436285,173.9006042480469
58033.29506804433,151.7732849121094
58453.82619172581,151.1999664306641
58874.357315407295,118.8017196655273
59294.888439088776,146.8197784423828
59715.41956277026,117.0922012329102
60135.95068645173,111.4784774780273
60556.48181013321,114.6453552246094
60977.012933814694,111.2966918945312
61397.544057496176,84.804443359375
61818.07518117766,152.0118713378906
62238.60630485914,98.25989532470703
62659.13742854062,116.2751235961914
63079.6685522221,149.4920501708984
63500.19967590358,157.9591369628906
63920.730799585064,193.4401092529297
64341.26192326654,164.1178588867188
64761.79304694802,145.8644104003906
65182.3241706295,161.6215057373047
65602.85529431098,112.98291015625
66023.38641799247,166.1811370849609
66443.91754167395,124
66864.44866535542,123.5933532714844
67284.97978903691,124.2616729736328
67705.51091271838,127.3129348754883
68126.04203639987,136.2569122314453
68546.57316008135,148.3408966064453
68967.10428376283,155.9148254394531
69387.63540744431,191.8024291992188
69808.1665311258,148.3609466552734
70228.69765480727,147.4883728027344
70649.22877848874,146.1130828857422
71069.75990217023,151.7112121582031
71490.29102585171,202.7986602783203
71910.8221495332,178.4057312011719
72331.35327321467,191.3016967773438
72751.88439689616,161.9619903564453
73172.41552057763,156.1498718261719
73592.94664425912,157.9713897705078
74013.4777679406,152.5278472900391
74434.00889162208,160.4823760986328
74854.54001530356,151.8435821533203
75275.07113898503,154.9968719482422
75695.60226266652,161.4562835693359
76116.133386348,187.2672271728516
76536.66451002948,154.5383605957031
76957.19563371096,153.3231201171875
77377.72675739245,154.9015045166016
77798.25788107392,155.5055389404297
78218.78900475541,169.5492095947266
78639.32012843688,162.0034027099609
79059.85125211836,183.6850280761719
79480.38237579985,191.2668609619141
79900.91349948132,190.0761871337891
80321.44462316281,221.8064117431641
80741.97574684428,198.9030609130859
81162.50687052577,218.6727600097656
81583.03799420725,231.0720825195312
82003.56911788874,225.937255859375
82424.10024157021,225.3392486572266
82844.63136525168,216.1469421386719
83265.16248893317,237.8655548095703
83685.69361261465,236.0966033935547
84106.22473629614,238.3799591064453
84526.75585997761,250.1875
84947.2869836591,257.3242492675781
85367.81810734057,256.2558898925781
85788.34923102206,255.8744812011719
86208.88035470353,266.6201171875
86629.41147838502,265.7813415527344
87049.9426020665,264
87470.47372574797,267.1004028320312
87891.00484942946,260.6833801269531
88311.53597311093,265.6206359863281
88732.06709679242,269.2276306152344
89152.5982204739,271.1820068359375
89573.12934415539,275.6568298339844
89993.66046783686,279.4578247070312
90414.19159151835,283.0837707519531
90834.72271519982,285.9410095214844
91255.2538388813,282.2071533203125
91675.78496256279,311.6176452636719
92096.31608624426,319.3278198242188
92516.84720992575,282.7884826660156
92937.37833360722,331.4491271972656
93357.90945728871,353.3655090332031
93778.44058097019,394.2182922363281
94198.97170465167,387.7227783203125
94619.50282833315,282.7299194335938
95040.03395201464,313.3470458984375
95460.56507569611,331.4852600097656
95881.09619937759,383.1411743164062
96301.62732305907,357.2196350097656
96722.15844674055,301.6066284179688
97142.68957042204,270.621826171875
97563.22069410351,304.74560546875
97983.751817785,314.8701171875
98404.28294146647,297.0748901367188
98824.81406514796,279.6482238769531
99245.34518882944,262.2580871582031
99665.87631251091,240.3498077392578
100086.4074361924,238.0377502441406
100506.93855987387,288.9384155273438
100927.46968355536,217.3510131835938
101348.00080723684,219.9370269775391
101768.53193091833,226.8554229736328
102189.0630545998,231.3531341552734
102609.59417828129,261.2740173339844
103030.12530196276,262.735595703125
103450.65642564425,250.0551452636719
103871.18754932572,275.7292785644531
104291.7186730072,277.8719177246094
104712.24979668869,309.9377136230469
105132.78092037016,352.0195922851562
105553.31204405165,275.8584899902344
105973.84316773312,243.8938598632812
106394.37429141461,246.5343627929688
106814.90541509609,251.4722290039062
107235.43653877758,255.1436614990234
107655.96766245905,254.7234344482422
108076.49878614052,274.8564758300781
108497.02990982201,306.0026550292969
108917.56103350349,365.7398986816406
109338.09215718498,339.8453674316406
109758.62328086645,436.220703125
110179.15440454794,466.6157531738281
110599.68552822941,380.1144409179688
111020.2166519109,294.5282287597656
111440.74777559238,358.7602233886719
111861.27889927385,462.4642333984375
112281.81002295534,383.4219665527344
112702.34114663681,283.1904296875
113122.8722703183,246.5003509521484
113543.40339399978,242.0511474609375
113963.93451768126,237.0340576171875
114384.46564136274,249.3236846923828
114804.99676504423,274.4101867675781
115225.5278887257,255.1959228515625
115646.05901240719,279.419189453125
116066.59013608866,280.1552734375
116487.12125977014,294.2568969726562
116907.65238345163,274.6652221679688
117328.1835071331,290.3562316894531
117748.71463081459,281.1328430175781
118169.24575449606,284.8792724609375
118589.77687817755,294.5240478515625
119010.30800185903,303.0552673339844
119430.83912554051,308.4377746582031
119851.37024922199,314.5582580566406
120271.90137290346,323.1123962402344
120692.43249658495,324.6773071289062
121112.96362026643,351.3707885742188
121533.49474394791,322.6253051757812
121954.02586762939,361.2348937988281
122374.55699131088,299.0646362304688
122795.08811499235,389.2548217773438
123215.61923867384,414.8517456054688
123636.15036235531,454.4408874511719
124056.6814860368,445.5722961425781
124477.21260971828,345.7305603027344
124897.74373339975,311.7210693359375
125318.27485708124,408.1611633300781
125738.80598076271,563.7835693359375
126159.3371044442,558.7293090820312
126579.86822812568,600.655029296875
127000.39935180717,573.1532592773438
127420.93047548864,460.9825134277344
127841.46159917013,425.4806213378906
128261.9927228516,415.1048278808594
128682.52384653308,437.9910583496094
129103.05497021457,374.421875
129523.58609389604,278.7742004394531
129944.11721757753,253.4519805908203
130364.648341259,223.8932647705078
130785.17946494049,337.1993103027344
131205.71058862197,265.3423156738281
131626.24171230345,353.0357055664062
132046.77283598494,330.6517639160156
132467.3039596664,266.048828125
132887.8350833479,302.1095886230469
133308.36620702938,230.9492797851562
133728.89733071084,369.8999633789062
134149.42845439233,403.7510681152344
134569.95957807382,370.8810119628906
134990.4907017553,248.3634948730469
135411.02182543676,206.7003173828125
135831.55294911825,245.5270080566406
136252.08407279974,317.74755859375
136672.6151964812,393.2811584472656
137093.1463201627,444.5963745117188
137513.67744384418,320.2472229003906
137934.20856752567,342.208740234375
138354.73969120713,239.2817687988281
138775.27081488862,216.0829925537109
139195.8019385701,192.7365875244141
139616.3330622516,269.9313659667969
140036.86418593305,191.9923553466797
140457.39530961454,242.1919708251953
140877.92643329603,319.9363708496094
141298.4575569775,245.4545440673828
141718.98868065898,345.5353088378906
142139.51980434047,439.0182189941406
142560.05092802196,391.5139770507812
142980.58205170342,388.9253234863281
143401.1131753849,301.1313171386719
143821.6442990664,229.0184631347656
144242.17542274788,364.72705078125
144662.70654642934,444.5267028808594
145083.23767011083,418.5387268066406
145503.76879379232,429.4054565429688
145924.29991747378,546.5513305664062
146344.83104115527,575.984375
146765.36216483676,594.2638549804688
147185.89328851824,467.9900512695312
147606.4244121997,419.2261047363281
148026.9555358812,468.17236328125
148447.48665956268,641.6055297851562
148868.01778324417,715.7899780273438
149288.54890692563,815.3395385742188
149709.08003060712,888.3802490234375
150129.6111542886,721.1297607421875
150550.14227797007,563.5451049804688
150970.67340165155,609.7756958007812
151391.20452533304,552.6974487304688
151811.73564901453,621.7739868164062
152232.266772696,606.755615234375
152652.79789637748,736.8919677734375
153073.32902005897,804.5453491210938
153493.86014374043,941.9210205078125
153914.39126742192,927.2454223632812
154334.9223911034,818.538818359375
154755.4535147849,753.8172607421875
155175.98463846635,690.2911376953125
155596.51576214784,611.9244995117188
156017.04688582933,533.8578491210938
156437.57800951082,567.6370849609375
156858.10913319228,582.5307006835938
157278.64025687377,582.0341186523438
157699.17138055526,630.2245483398438
158119.70250423672,524.0448608398438
158540.2336279182,488.3234558105469
158960.7647515997,458.3396911621094
159381.29587528118,441.9757690429688
159801.82699896264,404.5335693359375
160222.35812264413,392.1003112792969
160642.88924632562,471.6171264648438
161063.4203700071,580.3506469726562
161483.95149368857,515.0317993164062
161904.48261737006,543.2078247070312
162325.01374105155,636.1194458007812
162745.544864733,803.0677490234375
163166.0759884145,743.0615844726562
163586.60711209598,623.9907836914062
164007.13823577747,544.9225463867188
164427.66935945893,532.0825805664062
164848.20048314042,514.5988159179688
165268.7316068219,534.7025146484375
165689.26273050337,647.8570556640625
166109.79385418486,790.0007934570312
166530.32497786634,905.8587036132812
166950.85610154783,960.8361206054688
167371.3872252293,970.7115478515625
167791.91834891078,935.597412109375
168212.44947259227,877.5580444335938
168632.98059627376,957.65966796875
169053.51171995522,1034.607299804688
169474.0428436367,1118.403930664062
169894.5739673182,968.6444702148438
170315.10509099966,909.4992065429688
170735.63621468114,863.8014526367188
171156.16733836263,747.3274536132812
171576.69846204412,681.659912109375
171997.22958572558,715.60009765625
172417.76070940707,718.7313232421875
172838.29183308856,745.6290893554688
173258.82295677005,811.0130615234375
173679.3540804515,839.6708984375
174099.885204133,690.5982666015625
174520.41632781448,696.6369018554688
174940.94745149594,581.166259765625
175361.47857517743,559.3270874023438
175782.00969885892,598.3433227539062
176202.5408225404,651.5330200195312
176623.07194622187,674.6357421875
177043.60306990336,630.71240234375
177464.13419358485,589.8067626953125
177884.66531726634,629.5845947265625
178305.1964409478,718.8466796875
178725.72756462928,612.3615112304688
179146.25868831077,635.584716796875
179566.78981199223,712.5158081054688
179987.32093567372,684.3724975585938
180407.8520593552,679.0321044921875
180828.3831830367,659.9046630859375
181248.91430671816,600.9265747070312
181669.44543039965,473.2674560546875
182089.97655408113,465.1301574707031
182510.5076777626,528.6104125976562
182931.03880144408,508.9759216308594
183351.56992512557,536.36376953125
183772.10104880706,563.618408203125
184192.63217248852,555.9104614257812
184613.16329617,473.7630920410156
185033.6944198515,415.9220275878906
185454.225543533,344.7456665039062
185874.75666721445,399.1090087890625
186295.28779089593,367.1623840332031
186715.81891457742,221.9213104248047
187136.35003825888,195.3393249511719
187556.88116194037,178.6173400878906
187977.41228562186,175.19580078125
188397.94340930335,172.5624084472656
188818.4745329848,171.6367645263672
189239.0056566663,169.5322418212891
189659.5367803478,163.8816680908203
190080.06790402927,156.6817932128906
190500.59902771073,156.6141357421875
190921.13015139222,211.8075408935547
191341.6612750737,187.5065460205078
191762.19239875517,145.9922637939453
192182.72352243666,136.7941741943359
192603.25464611815,137.3718872070312
193023.78576979964,132.7029266357422
193444.3168934811,139.3260650634766
193864.84801716259,131.4944152832031
194285.37914084407,127.5298538208008
194705.91026452553,125.0422210693359
195126.44138820702,115.5621109008789
195546.9725118885,117.7710113525391
195967.50363557,110.9838256835938
196388.03475925146,113.6046295166016
196808.56588293295,175.493896484375
197229.09700661444,125.6851654052734
197649.62813029593,98.84215545654297
198070.15925397738,95.0829849243164
198490.69037765887,91.97613525390625
198911.22150134036,105.5236282348633
199331.75262502182,133.0600738525391
199752.2837487033,91.82841491699219
200172.8148723848,76.11911010742188
200593.3459960663,95.419677734375
201013.87711974775,69.79816436767578
201434.40824342924,74.4696044921875
201854.93936711072,71.5633316040039
202275.4704907922,73.65808868408203
202696.00161447367,158.3680877685547
203116.53273815516,147.1074523925781
203537.06386183665,144.8040008544922
203957.5949855181,116.2948455810547
204378.1261091996,120.688606262207
204798.6572328811,78.53253936767578
205219.18835656258,63.70520782470703
205639.71948024404,61.4254035949707
206060.25060392552,70.32475280761719
206480.781727607,47.56403350830078
206901.3128512885,66.7815933227539
207321.84397496996,121.571662902832
207742.37509865145,116.038948059082
208162.90622233294,76.85655975341797
208583.4373460144,89.30342864990234
209003.9684696959,46.46354293823242
209424.49959337738,80.80260467529297
209845.03071705886,58.69744491577148
210265.56184074032,85.24285888671875
210686.0929644218,161.2038726806641
211106.6240881033,240.5027160644531
211527.15521178476,164.5078277587891
211947.68633546625,109.2380065917969
212368.21745914774,167.2021942138672
212788.74858282923,59.98279571533203
213209.2797065107,32.35982894897461
213629.81083019217,18.26982307434082
214050.34195387366,9.61565113067627
214470.87307755515,5.786195755004883
214891.4042012366,0