Dystans (m),Wysokość (m)
0,12.25002670288086
55.25375640037977,13.77659225463867
110.50751280075954,16.07696723937988
165.76126920113933,17
221.01502560151908,17.4802360534668
276.26878200189884,18.55416679382324
331.52253840227866,19.79159355163574
386.7762948026584,20
442.03005120303817,19.04414939880371
497.2838076034179,19.19374656677246
552.5375640037977,18.41079711914062
607.7913204041774,17.94029235839844
663.0450768045573,18.15709495544434
718.2988332049371,18
773.5525896053168,18
828.8063460056966,18
884.0601024060763,18
939.3138588064561,18
994.5676152068359,18.68574905395508
1049.8213716072157,19.46291351318359
1105.0751280075954,19
1160.3288844079752,19.50016975402832
1215.5826408083549,20
1270.8363972087348,20
1326.0901536091146,21.1640739440918
1381.3439100094943,21.64384841918945
1436.5976664098741,22.98175239562988
1491.8514228102538,23
1547.1051792106337,23
1602.3589356110133,23.44943428039551
1657.6126920113932,24.56803512573242
1712.8664484117728,25
1768.1202048121527,25
1823.3739612125325,25
1878.6277176129122,25
1933.881474013292,25
1989.1352304136717,25.09511375427246
2044.3889868140516,25.67656326293945
2099.6427432144314,26.00654220581055
2154.896499614811,26.76221084594727
2210.1502560151907,27
2265.404012415571,27.02102851867676
2320.6577688159505,27.35716247558594
2375.91152521633,27.38203239440918
2431.1652816167098,28
2486.41903801709,28.21917343139648
2541.6727944174695,28.6237678527832
2596.926550817849,28.98415374755859
2652.1803072182292,29.70062637329102
2707.434063618609,31.63796234130859
2762.6878200189885,32.89083862304688
2817.941576419368,33.29029083251953
2873.1953328197483,33.86126327514648
2928.449089220128,35.62353515625
2983.7028456205076,37.66046524047852
3038.956602020887,40.0030632019043
3094.2103584212673,42.12539672851562
3149.464114821647,43.33068084716797
3204.7178712220266,44.55841827392578
3259.9716276224067,45.85874938964844
3315.2253840227863,47.95132064819336
3370.479140423166,50.49319458007812
3425.7328968235456,51.79414367675781
3480.9866532239257,53.4175910949707
3536.2404096243054,53.16112899780273
3591.494166024685,52.84571838378906
3646.747922425065,52.85417556762695
3702.0016788254447,54.66963577270508
3757.2554352258244,54.70915985107422
3812.509191626204,54.20898818969727
3867.762948026584,54.46088409423828
3923.0167044269638,55.68559265136719
3978.2704608273434,56.29030609130859
4033.5242172277235,57.14897537231445
4088.777973628103,59.69096755981445
4144.031730028483,60.45351409912109
4199.285486428863,61
4254.5392428292425,60.6373176574707
4309.792999229622,60.3019905090332
4365.046755630002,61.6541633605957
4420.3005120303815,64.09858703613281
4475.554268430761,65.50559997558594
4530.808024831142,64.6118392944336
4586.061781231521,63.54209518432617
4641.315537631901,62.06200790405273
4696.569294032281,62.25358963012695
4751.82305043266,63.19493865966797
4807.07680683304,63.86858367919922
4862.3305632334195,62.5192756652832
4917.5843196338,61.13067626953125
4972.83807603418,60.00031280517578
5028.091832434559,59.19997787475586
5083.345588834939,58.49954986572266
5138.599345235319,55.96957778930664
5193.853101635698,54.7710075378418
5249.106858036078,53.22532653808594
5304.3606144364585,51.22927856445312
5359.614370836838,49.50851440429688
5414.868127237218,48.80813598632812
5470.121883637597,48.47159957885742
5525.375640037977,48.13505935668945
5580.629396438357,48.20148849487305
5635.883152838736,49
5691.136909239116,49.19095611572266
5746.390665639497,50
5801.644422039876,50
5856.898178440256,50.06290435791016
5912.1519348406355,49.77907180786133
5967.405691241015,49.87681579589844
6022.659447641395,50
6077.913204041774,51.01092147827148
6133.166960442155,51.35789108276367
6188.420716842535,49.9427375793457
6243.674473242914,48.51876449584961
6298.928229643294,48.12506866455078
6354.1819860436735,48.68793106079102
6409.435742444053,49.21820831298828
6464.689498844433,49.66236114501953
6519.943255244813,49.15222549438477
6575.197011645193,47.97643661499023
6630.450768045573,47.28445053100586
6685.704524445952,46.55059432983398
6740.958280846332,46.88273239135742
6796.212037246712,47.21051025390625
6851.465793647091,46.18696975708008
6906.719550047472,46
6961.973306447851,46.55172729492188
7017.227062848231,46.96506881713867
7072.480819248611,48
7127.73457564899,48.24551391601562
7182.98833204937,49
7238.24208844975,49.30120849609375
7293.49584485013,49.854248046875
7348.74960125051,50
7404.0033576508895,50.05236053466797
7459.257114051269,50
7514.510870451649,50.06541061401367
7569.764626852028,51.12451171875
7625.018383252408,51.64210510253906
7680.272139652789,52.00446701049805
7735.525896053168,51.93172454833984
7790.779652453548,52.71118545532227
7846.0334088539275,52.68104934692383
7901.287165254307,51.80398559570312
7956.540921654687,51.40775299072266
8011.7946780550665,51.21135330200195
8067.048434455447,50.03832244873047
8122.302190855827,49.22672653198242
8177.555947256206,49.06897354125977
8232.809703656585,49
8288.063460056967,48.94232559204102
8343.317216457346,48.74242401123047
8398.570972857726,48.73468780517578
8453.824729258105,48.72694396972656
8509.078485658485,48.92124176025391
8564.332242058865,49.03621292114258
8619.585998459244,48.37536239624023
8674.839754859624,48.35181045532227
8730.093511260004,49.1032600402832
8785.347267660383,49.3197135925293
8840.601024060763,50.18362426757812
8895.854780461143,51.11862945556641
8951.108536861522,52.13079833984375
9006.362293261902,52.99467468261719
9061.616049662283,54.26504135131836
9116.869806062663,55.53541946411133
9172.123562463043,56.37454986572266
9227.377318863422,56.38241958618164
9282.631075263802,56.60011291503906
9337.884831664182,55.73662185668945
9393.138588064561,54.81216812133789
9448.39234446494,55.26389312744141
9503.64610086532,56.00638580322266
9558.8998572657,57.4222297668457
9614.15361366608,58.56223678588867
9669.40737006646,58.46807861328125
9724.661126466839,57.85607528686523
9779.914882867219,56.68101119995117
9835.1686392676,56
9890.42239566798,55.596923828125
9945.67615206836,55.62099838256836
10000.929908468739,56.5064582824707
10056.183664869119,56.49845123291016
10111.437421269498,56.03483963012695
10166.691177669878,56.12145233154297
10221.944934070258,56.94877243041992
10277.198690470637,57.29645919799805
10332.452446871017,57.45829772949219
10387.706203271397,59.3203125
10442.959959671776,60.35036087036133
10498.213716072156,58.98601150512695
10553.467472472536,57.57975769042969
10608.721228872917,56.74325180053711
10663.974985273297,55.78720092773438
10719.228741673676,55.59830093383789
10774.482498074056,55.21284484863281
10829.736254474436,55.53590393066406
10884.990010874815,56.46018981933594
10940.243767275195,56.41316986083984
10995.497523675574,56.36100387573242
11050.751280075954,56.58377838134766
11106.005036476334,57
11161.258792876713,56.11812591552734
11216.512549277093,56
11271.766305677473,56.13024139404297
11327.020062077852,56.31187438964844
11382.273818478232,56.30365371704102
11437.527574878613,55.72784042358398
11492.781331278993,56.28718948364258
11548.035087679373,56.2789421081543
11603.288844079752,55.28873443603516
11658.542600480132,55.44272994995117
11713.796356880512,56
11769.050113280891,55.41971206665039
11824.303869681271,54.47514724731445
11879.55762608165,54.61800003051758
11934.81138248203,55
11990.06513888241,55
12045.31889528279,54.20431900024414
12100.57265168317,54.19598388671875
12155.826408083549,54.68075180053711
12211.08016448393,56.58314895629883
12266.33392088431,57.68072509765625
12321.58767728469,58.29610824584961
12376.84143368507,59
12432.095190085449,59.1340446472168
12487.348946485828,58.43178176879883
12542.602702886208,59.18630218505859
12597.856459286588,59.24110412597656
12653.110215686967,59.2242546081543
12708.363972087347,60.41536331176758
12763.617728487727,61.58979034423828
12818.871484888106,62.08679580688477
12874.125241288486,62
12929.378997688866,62.01970291137695
12984.632754089247,62.06138229370117
13039.886510489627,62.05289459228516
13095.140266890006,63.04439544677734
13150.394023290386,63.035888671875
13205.647779690766,63.02737426757812
13260.901536091145,63.01884841918945
13316.155292491525,64
13371.409048891905,63.99932098388672
13426.662805292284,64
13481.916561692664,64
13537.170318093044,64
13592.424074493423,64.4320068359375
13647.677830893803,65
13702.931587294182,65.95700073242188
13758.185343694564,67.16121673583984
13813.439100094944,68.41510009765625
13868.692856495323,69.6689682006836
13923.946612895703,70.00697326660156
13979.200369296082,71.53893280029297
14034.454125696462,73.5319595336914
14089.707882096842,75.58889770507812
14144.961638497221,78.93817901611328
14200.215394897601,80.23269653320312
14255.46915129798,81.58192443847656
14310.72290769836,81.15558624267578
14365.97666409874,80.30705261230469
14421.23042049912,80.32447814941406
14476.4841768995,80.86577606201172
14531.737933299879,81.9133529663086
14586.99168970026,83.1568603515625
14642.24544610064,84.7560043334961
14697.49920250102,85.93447875976562
14752.7529589014,86.94432067871094
14808.006715301779,87
14863.260471702159,87
14918.514228102538,85.71283721923828
14973.767984502918,84.00716400146484
15029.021740903298,81.74516296386719
15084.275497303677,79.60935974121094
15139.529253704057,78.21827697753906
15194.783010104436,76.9241943359375
15250.036766504816,74.98731994628906
15305.290522905196,73.73368835449219
15360.544279305577,72.48007202148438
15415.798035705957,71.2635726928711
15471.051792106337,70.39987182617188
15526.305548506716,69.04762268066406
15581.559304907096,68.49893188476562
15636.813061307475,68.61368560791016
15692.066817707855,69.14859008789062
15747.320574108235,69.32652282714844
15802.574330508614,69.26831817626953
15857.828086908994,69
15913.081843309374,68.6436996459961
15968.335599709753,67.41508483886719
16023.589356110133,67.0354232788086
16078.843112510513,65.97271728515625
16134.096868910894,65.38390350341797
16189.350625311274,64.10818481445312
16244.604381711653,62.83153533935547
16299.858138112033,62
16355.111894512413,62.48774719238281
16410.36565091279,63
16465.61940731317,63
16520.873163713553,63
16576.126920113933,63
16631.380676514313,63
16686.634432914692,63.70247650146484
16741.888189315072,64.93688201904297
16797.14194571545,65.68333435058594
16852.39570211583,65.83918762207031
16907.64945851621,64.82550048828125
16962.90321491659,63.6400260925293
17018.15697131697,63
17073.41072771735,63
17128.66448411773,63.22303009033203
17183.91824051811,64
17239.17199691849,64.6225357055664
17294.42575331887,65.88094329833984
17349.679509719248,67.13934326171875
17404.933266119628,68.45868682861328
17460.187022520007,69.35246276855469
17515.440778920387,70.37419891357422
17570.694535320767,70.80237579345703
17625.948291721146,70.68538665771484
17681.202048121526,71.06206512451172
17736.455804521906,71.22567749023438
17791.709560922285,70.36882019042969
17846.963317322665,69.91152954101562
17902.217073723044,69.2003402709961
17957.470830123424,68.96630096435547
18012.724586523804,67.79893493652344
18067.978342924183,67.56065368652344
18123.232099324567,67.26335144042969
18178.485855724946,66.27175903320312
18233.739612125326,66.1783676147461
18288.993368525706,66.66292572021484
18344.247124926085,67.33070373535156
18399.500881326465,68.42870330810547
18454.754637726845,67.06458282470703
18510.008394127224,64.7629165649414
18565.262150527604,63.69383239746094
18620.515906927983,62.94664001464844
18675.769663328363,64.55316162109375
18731.023419728743,67.26568603515625
18786.277176129122,68.76068878173828
18841.530932529502,70.89906311035156
18896.78468892988,71.37483215332031
18952.03844533026,71.93614196777344
19007.29220173064,72.76760864257812
19062.54595813102,74.2372817993164
19117.7997145314,77.33357238769531
19173.05347093178,79.73271942138672
19228.30722733216,82.1318359375
19283.56098373254,84.45526885986328
19338.81474013292,86.22393798828125
19394.0684965333,87.63069152832031
19449.322252933678,88.77141571044922
19504.576009334058,89.7720718383789
19559.829765734437,90.47970581054688
19615.083522134817,90.19219970703125
19670.3372785352,90.33760070800781
19725.59103493558,90.22657775878906
19780.84479133596,90.58777618408203
19836.09854773634,90.22540283203125
19891.35230413672,88.9151611328125
19946.6060605371,88.2469482421875
20001.859816937478,88.81898498535156
20057.113573337858,89.55796813964844
20112.367329738237,91.45854949951172
20167.621086138617,92.39706420898438
20222.874842538997,93.15606689453125
20278.128598939376,94.35540771484375
20333.382355339756,95.46553039550781
20388.636111740136,95.54786682128906
20443.889868140515,95.6952896118164
20499.143624540895,95.5773696899414
20554.397380941275,94.68915557861328
20609.651137341654,94.51222229003906
20664.904893742034,94.33527374267578
20720.158650142414,95.00794219970703
20775.412406542793,96.45943450927734
20830.666162943173,100.1751480102539
20885.919919343552,101.2874984741211
20941.173675743932,100.8295440673828
20996.42743214431,99.38131713867188
21051.68118854469,96.9831314086914
21106.93494494507,93.80477905273438
21162.18870134545,89.60399627685547
21217.442457745834,86.79216003417969
21272.696214146214,84.61078643798828
21327.949970546593,85.52812957763672
21383.203726946973,89.33000946044922
21438.457483347353,90.03108978271484
21493.711239747732,89.22591400146484
21548.964996148112,89.16678619384766
21604.21875254849,89.18673706054688
21659.47250894887,87.52347564697266
21714.72626534925,84.86167907714844
21769.98002174963,83.59488677978516
21825.23377815001,82.15850067138672
21880.48753455039,82.74299621582031
21935.74129095077,81.50331115722656
21990.99504735115,77.95946502685547
22046.24880375153,73.38316345214844
22101.50256015191,71.17020416259766
22156.756316552288,70.03160095214844
22212.010072952668,70.30973052978516
22267.263829353047,70.79464721679688
22322.517585753427,70.42130279541016
22377.771342153806,69.19326782226562
22433.025098554186,67.0538330078125
22488.278854954566,64.32205200195312
22543.532611354945,61.15092086791992
22598.786367755325,57.16742324829102
22654.040124155705,54.09679412841797
22709.293880556084,51.84611892700195
22764.547636956464,51.72747039794922
22819.801393356847,51.60880661010742
22875.055149757227,51.49012756347656
22930.308906157607,50.30080032348633
22985.562662557986,49.57662200927734
23040.816418958366,48.71383666992188
23096.070175358745,47.50847625732422
23151.323931759125,46.63917922973633
23206.577688159505,45.57725524902344
23261.831444559884,45.32942581176758
23317.085200960264,44.30166625976562
23372.338957360644,45.37831878662109
23427.592713761023,45.84883880615234
23482.846470161403,45.90827560424805
23538.100226561783,45
23593.353982962162,45
23648.607739362542,45
23703.86149576292,45
23759.1152521633,45.01985549926758
23814.36900856368,45.3591194152832
23869.62276496406,45.64919662475586
23924.87652136444,45.76821899414062
23980.13027776482,45.95900726318359
24035.3840341652,46.50315475463867
24090.63779056558,46.56269454956055
24145.89154696596,47.52546691894531
24201.14530336634,47.68179321289062
24256.399059766718,48.16075134277344
24311.652816167098,48.80093002319336
24366.90657256748,49.79606246948242
24422.16032896786,50.85567474365234
24477.41408536824,51.43140029907227
24532.66784176862,52
24587.921598169,52.09574508666992
24643.17535456938,53.19008255004883
24698.42911096976,53.78181457519531
24753.68286737014,53.72216796875
24808.936623770518,54.32503509521484
24864.190380170898,54.46383666992188
24919.444136571277,54.5701904296875
24974.697892971657,52.41855621337891
25029.951649372037,50.27145004272461
25085.205405772416,49.90775299072266
25140.459162172796,48.66929626464844
25195.712918573176,47.17239761352539
25250.966674973555,45.67546463012695
25306.220431373935,43.85603713989258
25361.474187774314,41.68150329589844
25416.727944174694,40.18447494506836
25471.981700575074,38.80064392089844
25527.235456975453,37.53165054321289
25582.489213375833,36.72012329101562
25637.742969776213,35.66270446777344
25692.996726176592,34.66915893554688
25748.250482576972,34.04394149780273
25803.50423897735,32.94260025024414
25858.75799537773,31.62476921081543
25914.01175177811,30.46759223937988
25969.265508178494,30.40775299072266
26024.519264578874,30.34790420532227
26079.773020979253,29.35338973999023
26135.026777379633,29.42083168029785
26190.280533780013,30.16830444335938
26245.534290180392,29.47661972045898
26300.788046580772,29.05014801025391
26356.04180298115,27.52804756164551
26411.29555938153,25.37484550476074
26466.54931578191,24.64042472839355
26521.80307218229,23.42806053161621
26577.05682858267,21.98483276367188
26632.31058498305,20.02349472045898
26687.56434138343,18.85657501220703
26742.81809778381,18
26798.07185418419,18
26853.32561058457,17.69902420043945
26908.579366984948,16.58481597900391
26963.833123385328,15.95823383331299
27019.086879785707,15.2691068649292
27074.340636186087,15.08820247650146
27129.594392586467,14.28852558135986
27184.848148986846,13.91432094573975
27240.101905387226,13.01878070831299
27295.355661787606,12.98104858398438
27350.609418187985,12.90886688232422
27405.863174588365,12.71661376953125
27461.116930988745,13.09137630462646
27516.370687389128,12.98971652984619
27571.624443789507,12.66852855682373
27626.878200189887,12.12100505828857
27682.131956590267,11.1328649520874
27737.385712990646,10.48818206787109
27792.639469391026,9.496770858764648
27847.893225791406,8.109108924865723
27903.146982191785,6.690495014190674
27958.400738592165,6.247594356536865
28013.654494992545,6.006949901580811
28068.908251392924,4.906424999237061
28124.162007793304,4.067059993743896
28179.415764193684,4.006864070892334
28234.669520594063,4