Dystans (m),Wysokość (m)
0,21.33442115783691
27.739298805672025,21.43749809265137
55.47859761134405,21.27952003479004
83.21789641701608,21.143310546875
110.9571952226881,21.48139381408691
138.69649402836012,21.03635787963867
166.43579283403216,19.29460525512695
194.17509163970416,18.73211097717285
221.9143904453762,18.54001426696777
249.65368925104823,19.11753463745117
277.39298805672024,19.0942554473877
305.1322868623923,19.20933532714844
332.8715856680643,19.41518211364746
360.61088447373635,19.61466407775879
388.3501832794083,19.84168434143066
416.08948208508036,20.14504241943359
443.8287808907524,20.62586402893066
471.56807969642443,21.16534996032715
499.30737850209647,20.6552791595459
527.0466773077685,19.92438697814941
554.7859761134405,20.20277786254883
582.5252749191126,20.31570243835449
610.2645737247846,20.09106254577637
638.0038725304565,20.21867561340332
665.7431713361286,20.69513130187988
693.4824701418006,21.07032203674316
721.2217689474727,21.60955429077148
748.9610677531447,22.11460113525391
776.7003665588167,22.83482933044434
804.4396653644887,23.8322639465332
832.1789641701607,23.67190742492676
859.9182629758328,23.35714530944824
887.6575617815048,23.1677074432373
915.3968605871768,22.99783706665039
943.1361593928489,22.82870483398438
970.8754581985208,22.68854904174805
998.6147570041929,22.58752059936523
1026.354055809865,22.47954177856445
1054.093354615537,22.39872741699219
1081.832653421209,22.37078094482422
1109.571952226881,22.33862495422363
1137.311251032553,22.35354232788086
1165.0505498382252,22.5352668762207
1192.7898486438971,22.83196830749512
1220.529147449569,22.95959663391113
1248.268446255241,22.44236755371094
1276.007745060913,22.81387519836426
1303.7470438665853,23.58280372619629
1331.4863426722573,23.48698616027832
1359.2256414779292,23.06657981872559
1386.9649402836012,23.06019401550293
1414.7042390892732,23.02683067321777
1442.4435378949454,24.30827331542969
1470.1828367006174,24.18272590637207
1497.9221355062894,24.27278709411621
1525.6614343119613,24.90999031066895
1553.4007331176333,24.83815956115723
1581.1400319233055,25.15011024475098
1608.8793307289775,25.11503791809082
1636.6186295346495,23.3394947052002
1664.3579283403215,22.66693687438965
1692.0972271459934,23.01249122619629
1719.8365259516656,23.33265495300293
1747.5758247573376,23.1835765838623
1775.3151235630096,22.89964485168457
1803.0544223686816,22.89180755615234
1830.7937211743535,21.87870407104492
1858.5330199800258,21.30224800109863
1886.2723187856977,20.57790374755859
1914.0116175913697,21.26902961730957
1941.7509163970417,20.72563552856445
1969.4902152027137,19.49616622924805
1997.2295140083859,19.29308891296387
2024.9688128140579,19.59230995178223
2052.70811161973,20.60022735595703
2080.447410425402,21.2227954864502
2108.186709231074,20.78887367248535
2135.9260080367458,18.81750106811523
2163.665306842418,15.55341243743896
2191.40460564809,20.3095645904541
2219.143904453762,21.88648986816406
2246.883203259434,22.03291702270508
2274.622502065106,21.42231750488281
2302.361800870778,20.52287673950195
2330.1010996764503,19.99207496643066
2357.840398482122,19.23332977294922
2385.5796972877943,19.10286712646484
2413.318996093466,18.6661548614502
2441.058294899138,17.97882080078125
2468.7975937048104,16.38223648071289
2496.536892510482,17.52172470092773
2524.2761913161544,17.41767311096191
2552.015490121826,17.41946220397949
2579.7547889274983,15.68529319763184
2607.4940877331705,15.62800598144531
2635.2333865388423,15.57497787475586
2662.9726853445145,15.9456262588501
2690.7119841501863,16.23633193969727
2718.4512829558585,16.39337730407715
2746.1905817615307,15.58956718444824
2773.9298805672024,15.06403064727783
2801.6691793728746,16.9770393371582
2829.4084781785464,16.90780067443848
2857.1477769842186,16.20564079284668
2884.887075789891,16.31356239318848
2912.6263745955625,15.80818271636963
2940.3656734012347,14.44960021972656
2968.1049722069065,13.33952617645264
2995.8442710125787,14.6960506439209
3023.583569818251,14.0270414352417
3051.3228686239227,14.88419151306152
3079.062167429595,12.07913494110107
3106.8014662352666,13.65517330169678
3134.540765040939,16.08398818969727
3162.280063846611,17.36284065246582
3190.019362652283,16.94340133666992
3217.758661457955,17.71271514892578
3245.4979602636267,18.2558765411377
3273.237259069299,18.69307708740234
3300.976557874971,18.04831695556641
3328.715856680643,17.79768371582031
3356.455155486315,18.0228385925293
3384.194454291987,18.01988983154297
3411.933753097659,17.82731246948242
3439.6730519033313,17.56780433654785
3467.412350709003,17.81897354125977
3495.1516495146752,18.05712890625
3522.890948320347,17.9516429901123
3550.630247126019,18.22557067871094
3578.3695459316914,18.71014404296875
3606.108844737363,18.73748588562012
3633.8481435430353,19.45859527587891
3661.587442348707,19.14369583129883
3689.3267411543793,18.96456146240234
3717.0660399600515,19.3094425201416
3744.8053387657233,18.92902946472168
3772.5446375713955,18.64394378662109
3800.283936377067,18.67659950256348
3828.0232351827394,18.00212287902832
3855.7625339884116,17.84436225891113
3883.5018327940834,18.39856910705566
3911.2411315997556,18.89991188049316
3938.9804304054273,18.56878662109375
3966.7197292110995,17.29063987731934
3994.4590280167718,17.53507995605469
4022.1983268224435,18.25735092163086
4049.9376256281157,19.09896469116211
4077.6769244337875,19.37363624572754
4105.41622323946,19.27039527893066
4133.155522045132,17.72020721435547
4160.894820850804,17.8892993927002
4188.634119656475,17.51001358032227
4216.373418462148,17.65058517456055
4244.11271726782,16.71774673461914
4271.8520160734915,16.07650947570801
4299.591314879164,16.35152816772461
4327.330613684836,15.59729671478271
4355.069912490508,15.61114692687988
4382.80921129618,15.18074989318848
4410.548510101852,16.2811222076416
4438.287808907524,13.96047878265381
4466.027107713196,15.69608783721924
4493.766406518868,17.10359573364258
4521.50570532454,17.69758796691895
4549.245004130212,18.17490386962891
4576.984302935884,18.73450469970703
4604.723601741556,17.71977615356445
4632.462900547228,18.55991554260254
4660.202199352901,18.26180458068848
4687.941498158572,16.44231605529785
4715.680796964244,17.84607887268066
4743.420095769916,17.2835807800293
4771.1593945755885,16.75334739685059
4798.89869338126,14.47991943359375
4826.637992186932,13.80792713165283
4854.377290992605,13.39699268341064
4882.116589798276,13.23366546630859
4909.855888603948,13.33998680114746
4937.595187409621,12.71073818206787
4965.334486215293,13.27747535705566
4993.073785020964,14.32572174072266
5020.813083826636,12.96493339538574
5048.552382632309,11.101806640625
5076.2916814379805,11.64161014556885
5104.030980243652,11.92476272583008
5131.770279049325,11.70867824554443
5159.509577854997,11.51461029052734
5187.248876660668,9.139729499816895
5214.988175466341,7.584926128387451
5242.727474272013,7.221385478973389
5270.466773077685,7.350414276123047
5298.206071883356,7.614176750183105
5325.945370689029,6.885318756103516
5353.684669494701,6.908028602600098
5381.4239683003725,5.662589073181152
5409.163267106045,5.766136169433594
5436.902565911717,5.506199359893799
5464.641864717389,5.414709091186523
5492.381163523061,5.034488201141357
5520.120462328733,5.666053771972656
5547.859761134405,4.999320983886719
5575.599059940077,5.723545551300049
5603.338358745749,5.725018978118896
5631.077657551421,4.568214416503906
5658.816956357093,4.587173461914062
5686.556255162765,4.130192279815674
5714.295553968437,4.364132404327393
5742.034852774109,4.136431694030762
5769.774151579782,4.518533706665039
5797.513450385453,4.317584037780762
5825.252749191125,4.717440605163574
5852.992047996797,4.025726795196533
5880.7313468024695,4.36838960647583
5908.470645608141,4.43095588684082
5936.209944413813,4.975851058959961
5963.949243219486,4.630210399627686
5991.688542025157,3.648366451263428
6019.427840830829,4.007506370544434
6047.167139636502,4.279571056365967
6074.906438442174,5.128198623657227
6102.645737247845,4.7625732421875
6130.385036053517,3.671063899993896
6158.12433485919,4.121131420135498
6185.8636336648615,4.043476104736328
6213.602932470533,4.098108768463135
6241.342231276206,4.104019641876221
6269.081530081878,4.083568096160889
6296.820828887549,3.407577514648438
6324.560127693222,2.562594652175903
6352.299426498894,3.554575204849243
6380.038725304566,5.038815021514893
6407.778024110237,6.2070631980896
6435.51732291591,7.690557956695557
6463.256621721582,9.7135009765625
6490.9959205272535,12.1259241104126
6518.735219332926,15.22784233093262
6546.474518138598,19.05973052978516
6574.21381694427,21.76973724365234
6601.953115749942,20.10889625549316
6629.692414555614,16.60300254821777
6657.431713361286,10.10775279998779
6685.171012166958,8.659955024719238
6712.91031097263,5.443713188171387
6740.649609778302,4.618823051452637
6768.388908583974,3.82066822052002
6796.128207389646,4.144590854644775
6823.867506195318,3.958653688430786
6851.60680500099,3.475172758102417
6879.3461038066625,3.078871726989746
6907.085402612334,2.774809598922729
6934.824701418006,1.82376754283905
6962.564000223678,2.120434999465942
6990.3032990293505,2.095477104187012
7018.042597835022,2.636806726455688
7045.781896640694,2.421645879745483
7073.521195446367,2.25591516494751
7101.260494252038,1.711805939674377
7128.99979305771,1.456773281097412
7156.739091863383,1.307461380958557
7184.4783906690545,0.9592611789703369
7212.217689474726,0.8013735413551331
7239.956988280399,1.532101154327393
7267.696287086071,2.224044561386108
7295.435585891742,2.428006172180176
7323.174884697414,1.699422240257263
7350.914183503087,1.519324779510498
7378.653482308759,1.565205335617065
7406.39278111443,1.703471899032593
7434.132079920103,1.825960159301758
7461.871378725775,2.037073850631714
7489.6106775314465,2.896558523178101
7517.349976337119,6.352217674255371
7545.089275142791,8.926405906677246
7572.828573948463,9.771482467651367
7600.567872754134,6.499919414520264
7628.307171559807,13.38452339172363
7656.046470365479,20.6557445526123
7683.785769171151,26.18186187744141
7711.525067976823,33.61468124389648
7739.264366782495,34.50082397460938
7767.003665588167,33.80917739868164
7794.742964393839,27.79419326782227
7822.482263199511,24.43055534362793
7850.221562005183,23.1221923828125
7877.960860810855,19.5143928527832
7905.700159616527,11.90404510498047
7933.439458422199,11.10035419464111
7961.178757227871,17.22655868530273
7988.9180560335435,18.79244232177734
8016.657354839215,17.1232738494873
8044.396653644887,22.65277862548828
8072.13595245056,29.74126815795898
8099.875251256231,41.55173492431641
8127.614550061903,48.42233276367188
8155.353848867575,52.19532775878906
8183.093147673248,57.06636428833008
8210.83244647892,60.55593109130859
8238.571745284591,60.53760147094727
8266.311044090264,59.12622451782227
8294.050342895935,57.82741546630859
8321.789641701607,53.65140533447266
8349.52894050728,49.86362075805664
8377.26823931295,44.31886291503906
8405.007538118623,37.83687973022461
8432.746836924296,36.31467056274414
8460.486135729967,34.94586944580078
8488.22543453564,35.57394027709961
8515.964733341312,36.9865837097168
8543.704032146983,35.23675537109375
8571.443330952656,30.25192451477051
8599.182629758328,28.40868186950684
8626.921928564,28.00894165039062
8654.661227369672,30.25987434387207
8682.400526175345,28.5445442199707
8710.139824981015,27.70951652526855
8737.879123786688,24.31731605529785
8765.61842259236,23.8583927154541
8793.357721398032,22.58360481262207
8821.097020203704,20.75837707519531
8848.836319009375,19.6594181060791
8876.575617815048,21.03293609619141
8904.31491662072,21.67390441894531
8932.054215426391,21.2197437286377
8959.793514232064,20.54453468322754
8987.532813037737,19.67800521850586
9015.272111843407,18.79550552368164
9043.01141064908,17.81435585021973
9070.750709454753,19.67707824707031
9098.490008260424,19.00784111022949
9126.229307066096,18.24676895141602
9153.968605871769,17.06899642944336
9181.70790467744,16.23068237304688
9209.447203483112,16.34137725830078
9237.186502288785,17.44353675842285
9264.925801094456,17.98827362060547
9292.665099900129,15.88880252838135
9320.404398705801,16.24836158752441
9348.143697511472,17.89083099365234
9375.882996317145,17.59079360961914
9403.622295122816,16.89297294616699
9431.361593928488,17.12705039978027
9459.10089273416,18.00435447692871
9486.840191539832,17.47735214233398
9514.579490345504,15.98919582366943
9542.318789151177,9.220867156982422
9570.058087956848,10.63995742797852
9597.79738676252,13.36491680145264
9625.536685568193,29.21959686279297
9653.275984373864,41.41609191894531
9681.015283179537,52.45653533935547
9708.75458198521,60.44157791137695
9736.49388079088,65.16586303710938
9764.233179596553,69.1694107055664
9791.972478402226,71.57545471191406
9819.711777207896,75.60102081298828
9847.451076013569,77.0113296508789
9875.190374819242,75.12962341308594
9902.929673624913,73.6523208618164
9930.668972430585,73.3892593383789
9958.408271236256,78.97080993652344
9986.147570041929,78.89990234375
10013.886868847601,77.15177154541016
10041.626167653272,78.28202056884766
10069.365466458945,80.30646514892578
10097.104765264618,82.84049987792969
10124.844064070288,82.36601257324219
10152.583362875961,80.55654907226562
10180.322661681634,74.4028549194336
10208.061960487305,71.09264373779297
10235.801259292977,69.07809448242188
10263.54055809865,67.33921813964844
10291.27985690432,71.0584716796875
10319.019155709993,71.51081848144531
10346.758454515666,70.99381256103516
10374.497753321337,68.35821533203125
10402.23705212701,64.07853698730469
10429.976350932682,60.36151123046875
10457.715649738353,56.57320404052734
10485.454948544026,58.78878021240234
10513.194247349697,61.06174850463867
10540.93354615537,63.54134368896484
10568.672844961042,68.03162384033203
10596.412143766713,70.86609649658203
10624.151442572385,71.64815521240234
10651.890741378058,71.98934173583984
10679.630040183729,73.65328979492188
10707.369338989402,76.97850036621094
10735.108637795074,79.14530944824219
10762.847936600745,81.68738555908203
10790.587235406418,83.31722259521484
10818.32653421209,84.39089965820312
10846.065833017761,82.92222595214844
10873.805131823434,83.35704803466797
10901.544430629107,84.49299621582031
10929.283729434777,76.59741973876953
10957.02302824045,78.0868148803711
10984.762327046123,81.99407958984375
11012.501625851794,88.03912353515625
11040.240924657466,89.26713562011719
11067.980223463139,89.31739044189453
11095.71952226881,88.0887680053711
11123.458821074482,86.06107330322266
11151.198119880153,82.49385070800781
11178.937418685826,70.44694519042969
11206.676717491498,70.30972290039062
11234.41601629717,73.50906372070312
11262.155315102842,79.5960922241211
11289.894613908515,82.54724884033203
11317.633912714185,81.41768646240234
11345.373211519858,81.27244567871094
11373.11251032553,78.58724212646484
11400.851809131202,73.45023345947266
11428.591107936874,66.93792724609375
11456.330406742547,61.20777893066406
11484.069705548218,47.68333435058594
11511.80900435389,53.25127410888672
11539.548303159563,61.40936660766602
11567.287601965234,66.05879211425781
11595.026900770907,71.2480239868164
11622.76619957658,75.84747314453125
11650.50549838225,74.57171630859375
11678.244797187923,73.51415252685547
11705.984095993594,71.744873046875
11733.723394799266,65.39212799072266
11761.462693604939,54.88328170776367
11789.20199241061,51.34209823608398
11816.941291216282,59.35967254638672
11844.680590021955,62.55681228637695
11872.419888827626,65.10201263427734
11900.159187633299,63.23599243164062
11927.898486438971,57.78668975830078
11955.637785244642,48.50983047485352
11983.377084050315,35.84849166870117
12011.116382855987,19.10436820983887
12038.855681661658,17.78984642028809
12066.594980467331,17.99052238464355
12094.334279273004,17.52925300598145
12122.073578078674,17.77854919433594
12149.812876884347,17.70235061645508
12177.55217569002,15.4800271987915
12205.29147449569,13.3827600479126
12233.030773301363,13.64371299743652
12260.770072107034,18.11757850646973
12288.509370912707,18.62424468994141
12316.24866971838,17.91887283325195
12343.98796852405,16.68447113037109
12371.727267329723,14.48312664031982
12399.466566135396,15.06454944610596
12427.205864941066,12.50035858154297
12454.94516374674,12.74003601074219
12482.684462552412,11.24392127990723
12510.423761358083,9.079785346984863
12538.163060163755,10.12163257598877
12565.902358969428,15.80824375152588
12593.641657775099,18.48272895812988
12621.380956580771,19.74678230285645
12649.120255386444,20.73739624023438
12676.859554192115,22.21895980834961
12704.598852997788,25.54599761962891
12732.33815180346,23.20769882202148
12760.077450609131,18.29145240783691
12787.816749414804,12.62993717193604
12815.556048220475,5.697517871856689
12843.295347026147,2.668478965759277
12871.03464583182,0.6332471370697021
12898.77394463749,0.02956669591367245
12926.513243443163,0
12954.252542248836,0
12981.991841054507,0
13009.73113986018,0
13037.470438665852,0
13065.209737471523,0
13092.949036277196,0
13120.688335082868,0
13148.42763388854,0
13176.166932694212,0
13203.906231499885,0
13231.645530305555,0
13259.384829111228,0
13287.1241279169,0
13314.863426722572,0
13342.602725528244,0
13370.342024333915,0
13398.081323139588,0
13425.82062194526,0
13453.559920750931,0
13481.299219556604,0
13509.038518362277,0
13536.777817167947,0
13564.51711597362,0
13592.256414779293,0
13619.995713584964,0
13647.735012390636,1.256736159324646
13675.474311196309,2.475838422775269
13703.21361000198,2.712117195129395
13730.952908807652,2.976155757904053
13758.692207613325,3.086670637130737
13786.431506418996,2.619866847991943
13814.170805224669,1.851603388786316
13841.910104030341,0.0002339044876862317
13869.649402836012,0
13897.388701641685,0
13925.128000447356,0
13952.867299253028,0
13980.606598058701,0
14008.345896864372,0
14036.085195670044,0
14063.824494475717,0.002188293030485511
14091.563793281388,2.316817760467529
14119.30309208706,3.142376184463501
14147.042390892733,3.505582332611084
14174.781689698404,3.290939092636108